Period	whites_chat	PlayerName	GroupPlay	TimeInfoPayoffStructureChatMessage	Dimension1_C	Dimension2_C	Dimension3_C	Dimension4_C	Dimension5_C	Dimension6_C	Dimension7_C	Dimension8_C	Dimension9_C	Dimension10_C	Dimension1_H	Dimension2_H	Dimension3_H	Dimension4_H	Dimension5_H	Dimension6_H	Dimension7_H	Dimension8_H	Dimension9_H	Dimension10_H	lie_c	lie_h	lie
1	die alternative A soll besser sein	Weiﬂ  1	1	14	10	1	1	3	3	1	3	0	4	0	10	1	1	3	3	1	3	0	4	0	0	0	0
1	situation Y	Weiﬂ  2	2	30	1	4	1	3	9	4	3	0	4	0	1	4	1	3	9	4	3	0	4	0	0	0	0
1	situqtion y	Weiﬂ  3	2	23	1	4	1	3	9	4	3	0	4	0	1	4	1	3	9	4	3	0	4	0	0	0	0
1	situation y	Weiﬂ  1	2	12	1	4	1	3	9	4	3	0	4	0	1	4	1	3	9	4	3	0	4	0	0	0	0
1	situation*	Weiﬂ  3	2	11	10	4	1	3	9	4	3	0	4	0	10	4	1	3	9	4	3	0	4	0	0	0	0
1	dann w‰hlen wir B	Weiﬂ  2	2	2	10	2	1	3	4	2	3	0	4	0	10	2	1	3	4	1	3	0	4	0	0	0	0
1	ich hab x	Weiﬂ  2	3	47	1	4	1	3	9	4	3	0	4	0	1	4	1	3	9	4	3	0	4	0	0	0	0
1	ich y	Weiﬂ  1	3	36	1	4	1	3	9	4	3	0	4	0	1	4	1	3	9	4	3	0	4	0	0	0	0
1	Ich hab X	Weiﬂ  3	3	35	1	4	1	3	9	4	3	0	4	0	1	4	1	3	9	4	3	0	4	0	0	0	0
1	Also A?	Weiﬂ  2	3	26	10	1	1	3	3	1	3	0	4	0	10	1	1	3	3	1	3	0	4	0	0	0	0
1	Ja	Weiﬂ  3	3	16	10	4	1	3	9	4	3	0	4	0	10	4	1	3	9	4	3	0	4	0	0	0	0
1	ok	Weiﬂ  1	3	13	10	4	1	3	9	4	3	0	4	0	10	4	1	3	9	4	3	0	4	0	0	0	0
1	top	Weiﬂ  2	3	12	10	4	1	3	9	4	3	0	4	0	10	4	1	3	9	4	3	0	4	0	0	0	0
1	Hi, ich habe Situation y angezeigt bekommen	Weiﬂ  1	4	41	1	4	1	3	9	4	3	0	4	0	1	4	1	3	9	4	3	0	4	0	0	0	0
1	Und bin daher f¸r Alternative B	Weiﬂ  1	4	28	10	2	1	3	4	1	3	0	4	0	10	2	1	3	8	2	3	0	4	0	0	0	0
1	Mir wurde Situation X angezeigt	Weiﬂ  3	4	26	1	4	1	3	9	4	3	0	4	0	1	4	1	3	9	4	3	0	4	0	0	0	0
1	Oh... Und Weiﬂ 2?	Weiﬂ  1	4	18	10	4	4	3	9	4	3	0	4	0	10	4	4	3	9	4	3	0	4	0	0	0	0
1	Mir wurde auch x angezeigt	Weiﬂ  2	4	12	1	4	1	3	9	4	3	0	4	0	1	4	1	3	9	4	3	0	4	0	0	0	0
1	Weiﬂ 2?	Weiﬂ  3	4	12	10	4	4	3	9	4	3	0	4	0	10	4	4	3	9	4	3	0	4	0	0	0	0
2	ich hab y	Weiﬂ  2	1	57	1	4	1	3	9	4	3	0	4	0	1	4	1	3	9	4	3	0	4	0	0	0	0
2	mir wurde x angezeigt	Weiﬂ  3	1	54	1	4	1	3	9	4	3	0	4	0	1	4	1	3	9	4	3	0	4	0	0	0	0
2	weiﬂ 1?	Weiﬂ  3	1	50	10	4	4	3	9	4	3	0	4	0	10	4	4	3	9	4	3	0	4	0	0	0	0
2	mir auch x	Weiﬂ  1	1	44	1	4	1	3	9	4	3	0	4	0	1	4	1	3	9	4	3	0	4	0	0	0	0
2	Bin f¸r alternative a	Weiﬂ  3	1	36	10	1	1	3	3	1	3	0	4	0	10	1	1	3	3	1	3	0	4	0	0	0	0
2	also A?	Weiﬂ  2	1	34	10	1	1	3	3	1	3	0	4	0	10	1	1	3	3	1	3	0	4	0	0	0	0
2	ja	Weiﬂ  1	1	31	10	4	1	3	9	4	3	0	4	0	10	4	1	3	9	4	3	0	4	0	0	0	0
2	bringt in jedem fall was 	Weiﬂ  3	1	30	3	4	1	3	9	4	2	0	3	0	4	4	1	3	9	4	3	0	4	0	0	0	0
2	jut	Weiﬂ  2	1	28	10	4	1	3	9	4	3	0	4	0	10	4	1	3	9	4	3	0	4	0	0	0	0
2	m¸ssen wir nur noch die blauen ¸berzeugen :)	Weiﬂ  3	1	13	10	4	1	3	9	4	3	0	3	0	10	4	1	3	9	4	3	0	3	0	0	0	0
2	situation x	Weiﬂ  2	2	46	2	4	1	3	9	4	3	0	4	0	2	4	1	3	9	4	3	0	4	0	1	1	1
2	was habt ihr beide?	Weiﬂ  2	2	21	10	4	1	3	9	4	3	0	4	0	10	4	2	3	9	4	3	0	4	0	0	0	0
2	es war schon y	Weiﬂ  1	2	21	1	4	1	3	9	4	3	0	4	0	1	4	1	3	9	4	3	0	4	0	0	0	0
2	also ich habe A	Weiﬂ  1	2	11	10	1	1	3	3	1	3	0	4	0	10	1	1	3	3	1	3	0	4	0	0	0	0
2	ne B	Weiﬂ  1	2	8	10	2	1	3	4	1	3	0	4	0	10	2	1	3	4	1	3	0	4	0	0	0	0
2	alternative B	Weiﬂ  3	2	6	10	2	1	3	4	1	3	0	4	0	10	2	1	3	4	1	3	0	4	0	0	0	0
2	situation x alternative a	Weiﬂ  2	2	3	10	1	1	3	3	1	3	0	4	0	10	1	1	3	8	2	3	0	4	0	0	0	0
2	Hallo :)	Weiﬂ  2	3	54	10	4	1	3	9	4	3	0	4	0	10	4	1	3	9	4	3	0	4	0	0	0	0
2	mIR WURDE GESAGT ES IST y:::UND EUCHﬂ	Weiﬂ  3	3	52	1	4	1	3	9	4	3	0	4	0	1	4	1	3	9	4	3	0	4	0	0	0	0
2	ich habe y	Weiﬂ  1	3	49	1	4	1	3	9	4	3	0	4	0	1	4	1	3	9	4	3	0	4	0	0	0	0
2	Mir wurde x angezeigt	Weiﬂ  2	3	47	1	4	1	3	9	4	3	0	4	0	1	4	1	3	9	4	3	0	4	0	0	0	0
2	hm ok, dann Alternative B?	Weiﬂ  2	3	34	10	2	1	3	4	1	3	0	4	0	10	2	1	3	4	1	3	0	4	0	0	0	0
2	Was wollen wir nehmen?	Weiﬂ  3	3	33	10	4	1	3	9	4	3	0	4	0	10	4	1	3	9	4	3	0	4	0	0	0	0
2	dann B?	Weiﬂ  1	3	30	10	2	1	3	4	1	3	0	4	0	10	2	1	3	4	1	3	0	4	0	0	0	0
2	w¸rde ich auch denken	Weiﬂ  3	3	22	10	4	1	3	9	4	3	0	4	0	10	4	1	3	9	4	3	0	4	0	0	0	0
2	gut :)	Weiﬂ  2	3	15	10	4	1	3	9	4	3	0	4	0	10	4	1	3	9	4	3	0	4	0	0	0	0
2	ok	Weiﬂ  1	3	13	10	4	1	3	9	4	3	0	4	0	10	4	1	3	9	4	3	0	4	0	0	0	0
2	:)	Weiﬂ  3	3	11	10	4	1	3	9	4	3	0	4	0	10	4	1	3	9	4	3	0	4	0	0	0	0
2	situation Y	Weiﬂ  2	4	52	1	4	1	3	9	4	3	0	4	0	1	4	1	3	9	4	3	0	4	0	0	0	0
2	Y 	Weiﬂ  3	4	46	1	4	1	3	9	4	3	0	4	0	1	4	1	3	9	4	3	0	4	0	0	0	0
2	situation y	Weiﬂ  1	4	36	2	4	1	3	9	4	3	0	4	0	2	4	1	3	9	4	3	0	4	0	1	1	1
2	A ?	Weiﬂ  1	4	27	10	1	1	3	3	1	3	0	4	0	10	1	1	3	3	1	3	0	4	0	0	0	0
2	wir sagen X zu blauen dann werden sie A 	Weiﬂ  2	4	19	10	1	1	3	3	1	3	0	4	0	10	1	1	3	3	4	3	0	1	1	0	0	0
2	ja 	Weiﬂ  3	4	15	10	4	1	3	9	4	3	0	4	0	10	4	1	3	9	4	3	0	4	0	0	0	0
2	w‰hlen	Weiﬂ  2	4	9	10	4	1	3	9	4	3	0	4	0	10	4	1	3	9	4	3	0	4	0	0	0	0
3	mir wurde y angezeigt	Weiﬂ  1	1	56	1	4	1	3	9	4	3	0	4	0	1	4	1	3	9	4	3	0	4	0	0	0	0
3	situation y	Weiﬂ  2	1	54	1	4	1	3	9	4	3	0	4	0	1	4	1	3	9	4	3	0	4	0	0	0	0
3	hey, mir wurde Situation Y angezeigt	Weiﬂ  3	1	53	1	4	1	3	9	4	3	0	4	0	1	4	1	3	9	4	3	0	4	0	0	0	0
3	ja bei mir auch	Weiﬂ  2	1	50	10	4	1	3	9	4	3	0	4	0	1	4	1	3	9	4	3	0	4	0	0	0	0
3	okay, also b ?	Weiﬂ  1	1	48	10	2	1	3	4	2	3	0	4	0	10	2	1	3	4	1	3	0	4	0	0	0	0
3	okay, dann w‰hlen wir B?	Weiﬂ  3	1	46	10	2	1	3	4	2	3	0	4	0	10	2	1	3	4	1	3	0	4	0	0	0	0
3	ja! hoffe die blauen machen mit	Weiﬂ  2	1	35	10	4	1	3	9	4	3	0	1	0	9	4	1	3	9	4	3	0	1	0	0	0	0
3	und w‰hlen nicht c :)	Weiﬂ  2	1	23	10	4	1	3	9	4	3	0	2	0	10	4	1	3	9	4	3	0	2	0	0	0	0
3	"Ja falls es doch x sein sollte sind wir alle am arsch ;)"	Weiﬂ  1	1	22	8	4	1	3	9	4	3	0	3	0	10	4	1	2	9	4	3	0	4	0	0	0	0
3	Bestimmt, was anderes bringt denen ja auch nichts, oder?	Weiﬂ  3	1	22	10	4	1	3	9	4	3	0	1	0	10	4	1	3	9	4	3	0	3	0	0	0	0
3	doch c	Weiﬂ  1	1	15	10	4	1	3	9	4	3	0	2	0	10	4	1	3	9	4	3	0	2	0	0	0	0
3	wir kˆnnen nicht alle falsch haben	Weiﬂ  2	1	7	10	4	1	3	9	4	3	0	3	0	9	4	1	3	9	4	3	0	4	0	0	0	0
3	aber die sollen mal mitmachen solidarit‰t	Weiﬂ  1	1	6	10	4	1	3	9	4	3	0	1	0	3	4	1	3	9	4	3	0	1	0	0	0	0
3	situation y :)	Weiﬂ  2	1	3	10	4	1	3	9	4	3	0	4	0	1	4	1	3	9	4	3	0	4	0	0	0	0
3	oh, da hab ich noch nicht so dr¸ber nachgedacht :D	Weiﬂ  3	1	2	10	4	1	3	9	4	3	0	4	0	10	4	1	3	9	4	3	0	4	0	0	0	0
3	udn b	Weiﬂ  2	1	2	10	2	1	3	4	2	3	0	4	0	10	2	1	3	4	1	3	0	4	0	0	0	0
3	alternative a	Weiﬂ  3	2	52	10	1	1	3	3	1	3	0	4	0	10	1	1	3	3	1	3	0	4	0	0	0	0
3	a	Weiﬂ  1	2	48	10	1	1	3	3	1	3	0	4	0	10	1	1	3	3	1	3	0	4	0	0	0	0
3	a	Weiﬂ  2	2	41	10	1	1	3	3	1	3	0	4	0	10	1	1	3	3	1	3	0	4	0	0	0	0
3	x	Weiﬂ  3	3	58	1	4	1	3	9	4	3	0	4	0	1	4	1	3	9	4	3	0	4	0	0	0	0
3	Was wurde euch gesagt?	Weiﬂ  1	3	56	10	4	1	3	9	4	3	0	4	0	10	4	2	3	9	4	3	0	4	0	0	0	0
3	x	Weiﬂ  2	3	54	1	4	1	3	9	4	3	0	4	0	1	4	1	3	9	4	3	0	4	0	0	0	0
3	bei mir auch x	Weiﬂ  1	3	51	1	4	1	3	9	4	3	0	4	0	1	4	1	3	9	4	3	0	4	0	0	0	0
3	A	Weiﬂ  2	3	47	10	1	1	3	3	1	3	0	4	0	10	1	1	3	3	1	3	0	4	0	0	0	0
3	A	Weiﬂ  3	3	43	10	1	1	3	3	1	3	0	4	0	10	1	1	3	3	1	3	0	4	0	0	0	0
3	Dann Situation A	Weiﬂ  1	3	43	10	1	1	3	3	1	3	0	4	0	10	1	1	3	3	1	3	0	4	0	0	0	0
3	ich habe x	Weiﬂ  1	4	56	1	4	1	3	9	4	3	0	4	0	1	4	1	3	9	4	3	0	4	0	0	0	0
3	auch x	Weiﬂ  2	4	50	1	4	1	3	9	4	3	0	4	0	1	4	1	3	9	4	3	0	4	0	0	0	0
3	auch	Weiﬂ  3	4	45	1	4	1	3	9	4	3	0	4	0	1	4	1	3	9	4	3	0	4	0	0	0	0
3	dann A	Weiﬂ  1	4	39	10	1	1	3	3	1	3	0	4	0	10	1	1	3	3	1	3	0	4	0	0	0	0
3	ja	Weiﬂ  2	4	35	10	1	1	3	3	1	3	0	4	0	10	4	1	3	9	4	3	0	4	0	0	0	0
3	genau	Weiﬂ  3	4	34	10	1	1	3	3	1	3	0	4	0	10	4	1	1	9	4	3	0	4	0	0	0	0
4	x	Weiﬂ  2	1	59	1	4	1	3	9	4	3	0	4	0	1	4	1	3	9	4	3	0	4	0	0	0	0
4	mir wurde x angezeigt	Weiﬂ  3	1	54	1	4	1	3	9	4	3	0	4	0	1	4	1	3	9	4	3	0	4	0	0	0	0
4	x	Weiﬂ  1	1	45	1	4	1	3	9	4	3	0	4	0	1	4	1	3	9	4	3	0	4	0	0	0	0
4	sehr gut, also nehmen wir a ? :)	Weiﬂ  3	1	41	10	1	1	3	3	1	3	0	4	0	10	1	1	3	3	1	3	0	4	0	0	0	0
4	ja	Weiﬂ  1	1	36	10	1	1	3	3	1	3	0	4	0	10	4	1	3	9	4	3	0	4	0	0	0	0
4	";)"	Weiﬂ  2	1	35	10	1	1	3	3	1	3	0	4	0	10	4	1	3	9	4	3	0	4	0	0	0	0
4	auf die blauen ¸berzeugen	Weiﬂ  3	1	21	10	1	1	3	3	1	3	0	3	0	10	4	1	3	9	4	3	0	3	0	0	0	0
4	a	Weiﬂ  2	2	57	10	1	1	3	3	1	3	0	4	0	10	1	1	3	3	1	3	0	4	0	0	0	0
4	hallˆchen, Situation y bei mir 	Weiﬂ  3	2	54	1	4	1	3	9	4	3	0	4	0	1	4	1	3	9	4	3	0	4	0	0	0	0
4	bei mir ist x	Weiﬂ  2	2	44	1	4	1	3	9	4	3	0	4	0	1	4	1	3	9	4	3	0	4	0	0	0	0
4	bei mir situation x	Weiﬂ  1	2	42	1	4	1	3	9	4	3	0	4	0	1	4	1	3	9	4	3	0	4	0	0	0	0
4	a	Weiﬂ  2	2	31	10	1	1	3	3	1	3	0	4	0	10	1	1	3	3	1	3	0	4	0	0	0	0
4	a	Weiﬂ  1	2	27	10	1	1	3	3	1	3	0	4	0	10	1	1	3	3	1	3	0	4	0	0	0	0
4	okay, dann a, das bringt uns in beiden F‰llen etwas, f¸r die blauen leider nur bei x	Weiﬂ  3	2	25	10	1	1	3	3	1	3	0	3	0	4	1	1	3	3	1	1	0	3	0	0	0	0
4	y	Weiﬂ  3	3	58	1	4	1	3	9	4	3	0	4	0	1	4	1	3	9	4	3	0	4	0	0	0	0
4	ich habe x	Weiﬂ  2	3	58	1	4	1	3	9	4	3	0	4	0	1	4	1	3	9	4	3	0	4	0	0	0	0
4	x	Weiﬂ  1	3	47	1	4	1	3	9	4	3	0	4	0	1	4	1	3	9	4	3	0	4	0	0	0	0
4	dann a	Weiﬂ  2	3	33	10	1	1	3	3	1	3	0	4	0	10	1	1	3	3	1	3	0	4	0	0	0	0
4	as usual	Weiﬂ  3	3	27	10	1	1	3	3	1	3	0	4	0	10	4	1	3	9	4	3	0	4	0	0	0	0
4	a	Weiﬂ  3	3	27	10	1	1	3	3	1	3	0	4	0	10	1	1	3	3	1	3	0	4	0	0	0	0
4	ja a	Weiﬂ  1	3	25	10	1	1	3	3	1	3	0	4	0	10	1	1	3	3	1	3	0	4	0	0	0	0
4	aha	Weiﬂ  2	3	15	10	1	1	3	3	1	3	0	4	0	10	4	1	3	9	4	3	0	4	0	0	0	0
4	a	Weiﬂ  3	3	3	10	1	1	3	3	1	3	0	4	0	10	1	1	3	3	1	3	0	4	0	0	0	0
4	X	Weiﬂ  1	4	59	1	4	1	3	9	4	3	0	4	0	1	4	1	3	9	4	3	0	4	0	0	0	0
4	situation y	Weiﬂ  3	4	55	1	4	1	3	9	4	3	0	4	0	1	4	1	3	9	4	3	0	4	0	0	0	0
4	Hey :) Mir wurde x gesagt	Weiﬂ  2	4	55	1	4	1	3	9	4	3	0	4	0	1	4	1	3	9	4	3	0	4	0	0	0	0
4	oh!	Weiﬂ  3	4	51	10	4	1	3	9	4	3	0	4	0	10	4	1	3	9	4	3	0	4	0	0	0	0
4	Also A?	Weiﬂ  2	4	49	10	1	1	3	3	1	3	0	4	0	10	1	1	3	3	1	3	0	4	0	0	0	0
4	dann 2x 1 y	Weiﬂ  3	4	46	10	4	1	3	9	4	3	0	4	0	10	4	1	3	9	4	3	0	4	0	0	0	0
4	genau	Weiﬂ  2	4	35	10	4	1	3	9	4	3	0	4	0	10	4	1	1	9	4	3	0	4	0	0	0	0
4	x und a ja :) dann glaube ich euch	Weiﬂ  3	4	34	10	1	1	3	3	1	3	0	4	0	10	1	1	3	8	2	3	0	4	0	0	0	0
4	:)	Weiﬂ  2	4	26	10	4	1	3	9	4	3	0	4	0	10	4	1	3	9	4	3	0	4	0	0	0	0
5	x	Weiﬂ  3	1	59	1	4	1	3	9	4	3	0	4	0	1	4	1	3	9	4	3	0	4	0	0	0	0
5	y	Weiﬂ  1	1	58	1	4	1	3	9	4	3	0	4	0	1	4	1	3	9	4	3	0	4	0	0	0	0
5	x	Weiﬂ  2	1	57	1	4	1	3	9	4	3	0	4	0	1	4	1	3	9	4	3	0	4	0	0	0	0
5	2 x 	Weiﬂ  3	1	54	1	4	1	3	9	4	3	0	4	0	10	4	1	3	9	4	3	0	4	0	0	0	0
5	dann x	Weiﬂ  3	1	52	10	4	1	3	9	4	3	0	4	0	10	4	1	3	9	4	3	0	4	0	0	0	0
5	:)	Weiﬂ  3	1	51	10	4	1	3	9	4	3	0	4	0	10	4	1	3	9	4	3	0	4	0	0	0	0
5	lass uns A w‰hlen	Weiﬂ  2	1	46	10	1	1	3	3	1	3	0	4	0	10	1	1	3	3	1	3	0	4	0	0	0	0
5	dann a	Weiﬂ  1	1	45	10	1	1	3	3	1	3	0	4	0	10	1	1	3	3	1	3	0	4	0	0	0	0
5	ja A	Weiﬂ  3	1	43	10	1	1	3	3	1	3	0	4	0	10	1	1	3	3	1	3	0	4	0	0	0	0
5	"Das heiﬂt ¸brigens nichts, nur f¸r die n‰chsten Runden ;) "	Weiﬂ  2	1	37	10	4	1	3	9	4	3	0	4	0	10	4	1	3	9	4	3	0	4	0	0	0	0
5	??	Weiﬂ  3	1	25	10	4	1	3	9	4	3	0	4	0	10	4	1	3	9	4	3	0	4	0	0	0	0
5	uns wurde schon 3 mal y angezeigt und dann war es doch x...	Weiﬂ  2	1	24	8	1	1	3	3	1	3	0	4	0	8	4	1	3	9	4	3	0	4	0	0	0	0
5	wir sind nicht immer die glecihe gruppe	Weiﬂ  1	1	11	8	4	1	3	9	4	3	0	4	0	8	4	1	3	9	4	3	0	4	0	0	0	0
5	ja eben	Weiﬂ  2	1	7	8	4	1	3	9	4	3	0	4	0	10	4	1	3	9	4	3	0	4	0	0	0	0
5	?! :D	Weiﬂ  3	1	2	10	4	1	3	9	4	3	0	4	0	10	4	1	3	9	4	3	0	4	0	0	0	0
5	y	Weiﬂ  3	2	60	1	4	1	3	9	4	3	0	4	0	1	4	1	3	9	4	3	0	4	0	0	0	0
5	y	Weiﬂ  1	2	58	1	4	1	3	9	4	3	0	4	0	1	4	1	3	9	4	3	0	4	0	0	0	0
5	Y	Weiﬂ  2	2	55	1	4	1	3	9	4	3	0	4	0	1	4	1	3	9	4	3	0	4	0	0	0	0
5	dann b	Weiﬂ  3	2	48	10	2	1	3	4	2	3	0	4	0	10	2	1	3	4	1	3	0	4	0	0	0	0
5	b	Weiﬂ  1	2	44	10	2	1	3	4	2	3	0	4	0	10	2	1	3	4	1	3	0	4	0	0	0	0
5	jo	Weiﬂ  2	2	43	10	2	1	3	4	2	3	0	4	0	10	4	1	3	9	4	3	0	4	0	0	0	0
5	ok	Weiﬂ  3	2	38	10	2	1	3	4	2	3	0	4	0	10	4	1	3	9	4	3	0	4	0	0	0	0
5	Den anderen was sagen?	Weiﬂ  2	2	26	10	4	1	3	9	4	3	0	4	0	10	4	1	3	9	4	3	0	3	0	0	0	0
5	ja, im n‰chsten fenster	Weiﬂ  3	2	8	10	4	1	3	9	4	3	0	4	0	10	4	1	3	9	4	3	0	4	0	0	0	0
5	y	Weiﬂ  3	3	59	1	4	1	3	9	4	3	0	4	0	1	4	1	3	9	4	3	0	4	0	0	0	0
5	y	Weiﬂ  1	3	56	1	4	1	3	9	4	3	0	4	0	1	4	1	3	9	4	3	0	4	0	0	0	0
5	auch	Weiﬂ  2	3	55	1	4	1	3	9	4	3	0	4	0	1	4	1	3	9	4	3	0	4	0	0	0	0
5	alt. b	Weiﬂ  3	3	45	10	2	1	3	4	2	3	0	4	0	10	2	1	3	4	1	3	0	4	0	0	0	0
5	okay also ¸berreden wir die anderen zu b ? :)	Weiﬂ  1	3	44	10	2	1	3	4	2	3	0	4	0	10	2	1	1	4	1	3	0	3	0	0	0	0
5	ja	Weiﬂ  3	3	32	10	2	1	3	4	2	3	0	4	0	10	4	1	3	9	4	3	0	4	0	0	0	0
5	ok	Weiﬂ  2	3	12	10	2	1	3	4	2	3	0	4	0	10	4	1	3	9	4	3	0	4	0	0	0	0
5	"warum auch immer die das frewillig machen werden ;)"	Weiﬂ  1	3	8	10	2	1	3	4	2	3	0	1	0	10	4	1	3	9	4	3	0	4	0	0	0	0
5	Ich hab x	Weiﬂ  3	4	56	1	4	1	3	9	4	3	0	4	0	1	4	1	3	9	4	3	0	4	0	0	0	0
5	a	Weiﬂ  1	4	56	10	1	1	3	3	1	3	0	4	0	10	1	1	3	3	1	3	0	4	0	0	0	0
5	ich auch	Weiﬂ  1	4	51	1	4	1	3	9	4	3	0	4	0	1	4	1	3	9	4	3	0	4	0	0	0	0
5	ja auch	Weiﬂ  2	4	43	1	4	1	3	9	4	3	0	4	0	1	4	1	3	9	4	3	0	4	0	0	0	0
5	Wir m¸ssen immer A w‰hlen	Weiﬂ  3	4	17	10	1	1	3	3	1	3	0	4	0	10	1	2	3	3	1	3	0	4	0	0	0	0
6	Y	Weiﬂ  2	1	55	1	4	1	3	9	4	3	0	4	0	1	4	1	3	9	4	3	0	4	0	0	0	0
6	x alt a	Weiﬂ  1	1	55	1	4	1	3	9	4	3	0	4	0	1	1	1	3	8	2	3	0	4	0	0	0	0
6	Hallo, mir wurde X angezeigt	Weiﬂ  3	1	50	1	4	1	3	9	4	3	0	4	0	1	4	1	3	9	4	3	0	4	0	0	0	0
6	ja, genau, Alternative A	Weiﬂ  3	1	46	10	1	1	3	3	1	3	0	4	0	10	1	1	3	3	1	3	0	4	0	0	0	0
6	ahhhh	Weiﬂ  2	1	43	10	1	1	3	3	1	3	0	4	0	10	4	1	3	9	4	3	0	4	0	0	0	0
6	:D	Weiﬂ  3	1	40	10	1	1	3	3	1	3	0	4	0	10	4	1	3	9	4	3	0	4	0	0	0	0
6	ok A	Weiﬂ  2	1	31	10	1	1	3	3	1	3	0	4	0	10	1	1	3	3	1	3	0	4	0	0	0	0
6	y	Weiﬂ  2	2	60	1	4	1	3	9	4	3	0	4	0	1	4	1	3	9	4	3	0	4	0	0	0	0
6	Y	Weiﬂ  1	2	59	1	4	1	3	9	4	3	0	4	0	1	4	1	3	9	4	3	0	4	0	0	0	0
6	y	Weiﬂ  3	2	59	1	4	1	3	9	4	3	0	4	0	1	4	1	3	9	4	3	0	4	0	0	0	0
6	dann B	Weiﬂ  1	2	54	10	2	1	3	4	2	3	0	4	0	10	2	1	3	4	1	3	0	4	0	0	0	0
6	ja	Weiﬂ  2	2	50	10	2	1	3	4	2	3	0	4	0	10	4	1	3	9	4	3	0	4	0	0	0	0
6	oder A?	Weiﬂ  3	2	46	10	1	1	3	3	1	3	0	4	0	10	1	1	3	3	1	3	0	4	0	0	0	0
6	nein wieso	Weiﬂ  1	2	38	10	4	1	3	9	4	3	0	4	0	10	4	1	3	9	4	3	0	4	0	0	0	0
6	hab bisher immer agew‰hlt	Weiﬂ  3	2	29	10	4	1	3	9	4	3	0	4	0	10	4	1	3	9	4	3	0	4	0	0	0	0
6	und kann nichts anderes	Weiﬂ  3	2	23	10	4	1	3	9	4	3	0	4	0	10	4	1	3	9	4	3	0	4	0	0	0	0
6	...	Weiﬂ  1	2	22	10	4	1	3	9	4	3	0	4	0	10	4	1	3	9	4	3	0	4	0	0	0	0
6	falls der computer l¸gt	Weiﬂ  2	2	18	10	4	1	3	9	4	3	0	4	0	5	4	1	3	9	4	3	0	4	0	0	0	0
6	...	Weiﬂ  1	2	11	10	4	1	3	9	4	3	0	4	0	10	4	1	3	9	4	3	0	4	0	0	0	0
6	B	Weiﬂ  1	2	9	10	2	1	3	4	1	3	0	4	0	10	2	1	3	4	1	3	0	4	0	0	0	0
6	Y	Weiﬂ  2	3	60	1	4	1	3	9	4	3	0	4	0	1	4	1	3	9	4	3	0	4	0	0	0	0
6	y	Weiﬂ  1	3	59	1	4	1	3	9	4	3	0	4	0	1	4	1	3	9	4	3	0	4	0	0	0	0
6	Weiﬂ 3?	Weiﬂ  2	3	51	10	4	4	3	9	4	3	0	4	0	10	4	4	3	9	4	3	0	4	0	0	0	0
6	weiﬂ 3?	Weiﬂ  1	3	49	10	4	4	3	9	4	3	0	4	0	10	4	4	3	9	4	3	0	4	0	0	0	0
6	y 	Weiﬂ  3	3	46	1	4	1	3	9	4	3	0	4	0	1	4	1	3	9	4	3	0	4	0	0	0	0
6	Dann b	Weiﬂ  2	3	40	10	2	1	3	4	2	3	0	4	0	10	2	1	3	4	1	3	0	4	0	0	0	0
6	a oder b ?	Weiﬂ  3	3	38	10	4	1	3	9	4	3	0	4	0	10	4	1	3	9	4	3	0	4	0	0	0	0
6	ok	Weiﬂ  3	3	35	10	2	1	3	4	2	3	0	4	0	10	4	1	3	9	4	3	0	4	0	0	0	0
6	sehr gut :) Dann versuchen wir sie zu b zu ¸berreden !	Weiﬂ  1	3	32	10	2	1	3	4	2	3	0	3	0	10	2	1	3	4	1	3	0	3	0	0	0	0
6	:)	Weiﬂ  2	3	22	10	2	1	3	4	2	3	0	3	0	10	4	1	3	9	4	3	0	4	0	0	0	0
6	x	Weiﬂ  2	4	58	1	4	1	3	9	4	3	0	4	0	1	4	1	3	9	4	3	0	4	0	0	0	0
6	X	Weiﬂ  1	4	56	1	4	1	3	9	4	3	0	4	0	1	4	1	3	9	4	3	0	4	0	0	0	0
6	habe y	Weiﬂ  3	4	47	1	4	1	3	9	4	3	0	4	0	1	4	1	3	9	4	3	0	4	0	0	0	0
6	a	Weiﬂ  3	4	32	10	1	1	3	3	1	3	0	4	0	10	1	1	3	3	1	3	0	4	0	0	0	0
6	a	Weiﬂ  2	4	32	10	1	1	3	3	1	3	0	4	0	10	1	1	3	3	1	3	0	4	0	0	0	0
7	x	Weiﬂ  2	1	59	1	4	1	3	9	4	3	0	4	0	1	4	1	3	9	4	3	0	4	0	0	0	0
7	Mir wurdre Y genaNNT	Weiﬂ  3	1	57	1	4	1	3	9	4	3	0	4	0	1	4	1	3	9	4	3	0	4	0	0	0	0
7	mir wurde y angezeigt	Weiﬂ  1	1	56	1	4	1	3	9	4	3	0	4	0	1	4	1	3	9	4	3	0	4	0	0	0	0
7	Also Y und b?	Weiﬂ  3	1	44	10	2	1	3	4	2	3	0	4	0	10	2	1	3	8	2	3	0	4	0	0	0	0
7	dann lass uns doch B w‰hlen und der blauen Gruppe sagen, es ist Situation X und wir w‰hlen A?	Weiﬂ  1	1	33	10	2	1	3	4	4	3	0	3	1	10	4	1	3	9	1	3	0	3	1	0	0	0
7	hatte ich jetzt schon verd‰chtig oft :D	Weiﬂ  3	1	32	10	2	1	3	4	4	3	0	3	1	10	4	1	3	9	4	3	0	4	0	0	0	0
7	bei a verlieren wir nie	Weiﬂ  2	1	23	10	2	1	3	4	4	3	0	3	1	4	1	1	3	3	1	3	0	4	0	0	0	0
7	gute idee!	Weiﬂ  3	1	15	10	2	1	3	4	4	3	0	3	1	10	4	1	1	9	4	3	0	4	0	0	0	0
7	ich finds richtig fies...	Weiﬂ  1	1	1	3	4	1	3	9	4	3	0	4	0	10	4	1	3	9	4	3	0	4	0	0	0	0
7	y	Weiﬂ  3	2	59	1	4	1	3	9	4	3	0	4	0	1	4	1	3	9	4	3	0	4	0	0	0	0
7	x	Weiﬂ  2	2	57	1	4	1	3	9	4	3	0	4	0	1	4	1	3	9	4	3	0	4	0	0	0	0
7	x alt a	Weiﬂ  1	2	57	1	1	1	3	3	1	3	0	4	0	1	1	1	3	8	2	3	0	4	0	0	0	0
7	okay also alt a	Weiﬂ  3	2	50	10	1	1	3	3	1	3	0	4	0	10	1	1	3	3	1	3	0	4	0	0	0	0
7	a	Weiﬂ  2	2	48	10	1	1	3	3	1	3	0	4	0	10	1	1	3	3	1	3	0	4	0	0	0	0
7	schade dass man das nicht ¸berspringen kann, wenn man fertig ist	Weiﬂ  3	2	11	10	4	1	3	9	4	3	0	4	0								1			0	0	0
7	x	Weiﬂ  2	3	56	1	4	1	3	9	4	3	0	4	0	1	4	1	3	9	4	3	0	4	0	0	0	0
7	situation x	Weiﬂ  1	3	56	1	4	1	3	9	4	3	0	4	0	1	4	1	3	9	4	3	0	4	0	0	0	0
7	x, blaue anl¸gen?	Weiﬂ  3	3	54	1	4	1	3	9	4	3	0	4	1	1	4	1	3	9	4	3	0	3	1	0	0	0
7	a	Weiﬂ  2	3	41	10	1	1	3	3	1	3	0	4	0	10	1	1	3	3	1	3	0	4	0	0	0	0
7	a	Weiﬂ  1	3	33	10	1	1	3	3	1	3	0	4	0	10	1	1	3	3	1	3	0	4	0	0	0	0
7	oh, diesmal passt es f¸r alle	Weiﬂ  3	3	17	10	4	1	3	9	4	3	0	4	0	10	4	1	3	9	4	3	0	4	0	0	0	0
7	X	Weiﬂ  3	4	59	1	4	1	3	9	4	3	0	4	0	1	4	1	3	9	4	3	0	4	0	0	0	0
7	Y	Weiﬂ  1	4	56	1	4	1	3	9	4	3	0	4	0	1	4	1	3	9	4	3	0	4	0	0	0	0
7	Y	Weiﬂ  2	4	56	1	4	1	3	9	4	3	0	4	0	1	4	1	3	9	4	3	0	4	0	0	0	0
7	wer hat falsch??	Weiﬂ  3	4	49	10	4	1	3	9	4	3	0	4	0	10	4	2	3	9	4	3	0	4	0	0	0	0
7		Weiﬂ  3	4	49				3				1										1			0	0	0
7	also Y	Weiﬂ  1	4	43	10	4	1	3	9	4	3	0	4	0	10	4	1	3	9	4	3	0	4	0	0	0	0
7	So A ?	Weiﬂ  2	4	28	10	1	1	3	3	1	3	0	4	0	10	1	1	3	3	1	3	0	4	0	0	0	0
7	soll ich auch y und b wˆhlen dann	Weiﬂ  3	4	28	10	2	1	3	4	2	3	0	4	0	10	2	1	3	8	2	3	0	4	0	0	0	0
7	w‰hlen	Weiﬂ  3	4	12	10	4	1	3	9	4	3	0	4	0	10	4	1	3	9	4	3	0	4	0	0	0	0
7	ja und bitten di blau B zu w‰hlen	Weiﬂ  1	4	4	10	2	1	3	4	2	3	0	3	0	10	2	1	3	4	1	3	0	3	0	0	0	0
7	B dann, dann glaube ich euch beiden	Weiﬂ  3	4	4	10	2	1	3	4	2	3	0	3	0	6	2	2	3	4	1	3	0	4	0	0	0	0
7	A ist sicher	Weiﬂ  2	4	3	10	1	1	3	3	1	3	0	4	0	10	1	1	3	3	1	3	0	4	0	0	0	0
8	y	Weiﬂ  3	1	60	1	4	1	3	9	4	3	0	4	0	1	4	1	3	9	4	3	0	4	0	0	0	0
8	x	Weiﬂ  2	1	60	1	4	1	3	9	4	3	0	4	0	1	4	1	3	9	4	3	0	4	0	0	0	0
8	Y	Weiﬂ  1	1	59	1	4	1	3	9	4	3	0	4	0	1	4	1	3	9	4	3	0	4	0	0	0	0
8	bin immer f¸r a	Weiﬂ  3	1	49	10	1	1	3	3	1	3	0	4	0	10	1	1	3	3	1	3	0	4	0	0	0	0
8	dann Y? Mehrheit	Weiﬂ  1	1	47	10	2	1	3	4	2	3	0	4	0	10	4	1	3	9	4	3	0	4	0	0	0	0
8	B	Weiﬂ  1	1	42	10	2	1	3	4	2	3	0	4	0	10	2	1	3	4	1	3	0	4	0	0	0	0
8	ja	Weiﬂ  2	1	40	10	4	1	3	9	4	3	0	4	0	10	4	1	3	9	4	3	0	4	0	0	0	0
8	damit die blauen auch was haben	Weiﬂ  1	1	34	3	2	1	3	4	1	2	0	3	0	3	4	1	3	9	4	1	0	3	0	0	0	0
8	falls sie mitspielen	Weiﬂ  2	1	17	3	2	1	3	4	1	2	0	3	0	10	4	1	3	9	4	3	0	3	0	0	0	0
8	die blauen w¸rden aber c w‰hln	Weiﬂ  3	1	15	10	4	1	3	9	4	3	0	2	0	10	4	1	3	9	4	3	0	2	0	0	0	0
8	und nicht c w‰hlen	Weiﬂ  2	1	8	10	4	1	3	9	4	3	0	2	0	10	4	1	3	9	4	3	0	1	0	0	0	0
8	weiﬂt du nicht	Weiﬂ  1	1	7	10	4	1	3	9	4	3	0	1	0	10	4	4	3	9	4	3	0	4	0	0	0	0
8	t¸rlich	Weiﬂ  3	1	2	10	4	1	3	9	4	3	0	2	0	10	4	1	3	9	4	3	0	4	0	0	0	0
8	y	Weiﬂ  2	2	59	1	4	1	3	9	4	3	0	4	0	1	4	1	3	9	4	3	0	4	0	0	0	0
8	y	Weiﬂ  1	2	59	1	4	1	3	9	4	3	0	4	0	1	4	1	3	9	4	3	0	4	0	0	0	0
8	y	Weiﬂ  3	2	59	1	4	1	3	9	4	3	0	4	0	1	4	1	3	9	4	3	0	4	0	0	0	0
8	dann zu b ¸berreden ?	Weiﬂ  2	2	49	10	2	1	3	4	2	3	0	3	0	10	2	1	3	4	1	3	0	4	0	0	0	0
8	b	Weiﬂ  3	2	49	10	2	1	3	4	2	3	0	3	0	10	2	1	3	4	1	3	0	3	0	0	0	0
8	ja	Weiﬂ  1	2	44	10	2	1	3	4	2	3	0	3	0	10	4	1	3	9	4	3	0	4	0	0	0	0
8	guuuuut 	Weiﬂ  2	2	34	10	2	1	3	4	2	3	0	3	0	10	4	1	3	9	4	3	0	4	0	0	0	0
8	x	Weiﬂ  1	3	57	1	4	1	3	9	4	3	0	4	0	1	4	1	3	9	4	3	0	4	0	0	0	0
8	X	Weiﬂ  3	3	55	1	4	1	3	9	4	3	0	4	0	1	4	1	3	9	4	3	0	4	0	0	0	0
8		Weiﬂ  3	3	55				3				1										1			0	0	0
8	hey, Situation y	Weiﬂ  2	3	54	1	4	1	3	9	4	3	0	4	0	1	4	1	3	9	4	3	0	4	0	0	0	0
8	dann lass uns doch A w‰hlen, da verlieren wir nicht	Weiﬂ  2	3	43	4	1	1	3	3	1	3	0	4	0	4	1	1	3	3	1	3	0	4	0	0	0	0
8	a	Weiﬂ  1	3	38	10	1	1	3	3	1	3	0	4	0	10	1	1	3	3	1	3	0	4	0	0	0	0
8	ok	Weiﬂ  3	3	36	10	4	1	3	9	4	3	0	4	0	10	4	1	3	9	4	3	0	4	0	0	0	0
8	sagen bleu situation X	Weiﬂ  3	3	28	10	4	1	3	9	4	3	0	3	1	10	4	1	3	9	4	3	0	3	0	0	0	0
8	";)"	Weiﬂ  3	3	24	10	4	1	3	9	4	3	0	3	0	10	4	1	3	9	4	3	0	4	0	0	0	0
8	bleu?	Weiﬂ  2	3	20	10	4	1	3	9	4	3	0	3	0	10	4	1	3	9	4	3	0	4	0	0	0	0
8	blau	Weiﬂ  3	3	16	10	4	1	3	9	4	3	0	3	0	10	4	1	3	9	4	3	0	4	0	0	0	0
8	ach, den blauen :)	Weiﬂ  2	3	15	10	4	1	3	9	4	3	0	3	0	10	4	1	3	9	4	3	0	4	0	0	0	0
8	ja, stimmt ja auch	Weiﬂ  2	3	11	10	4	1	3	9	4	3	0	3	0	10	4	1	3	9	4	3	0	4	0	0	0	0
8	sorryyyy	Weiﬂ  3	3	8	10	4	1	3	9	4	3	0	4	0	10	4	1	3	9	4	3	0	4	0	0	0	0
8	x	Weiﬂ  3	4	60	1	4	1	3	9	4	3	0	4	0	1	4	1	3	9	4	3	0	4	0	0	0	0
8	Ich hab Y 	Weiﬂ  2	4	54	1	4	1	3	9	4	3	0	4	0	1	4	1	3	9	4	3	0	4	0	0	0	0
8	Mir wurde Y gesagt	Weiﬂ  1	4	53	1	4	1	3	9	4	3	0	4	0	1	4	1	3	9	4	3	0	4	0	0	0	0
8	Dann Situation B?	Weiﬂ  1	4	39	10	2	1	3	4	2	3	0	4	0	10	2	1	3	4	1	3	0	4	0	0	0	0
8	aber wir mussen immer A w‰hlen	Weiﬂ  2	4	37	4	1	1	3	3	1	3	0	4	0	4	1	1	3	3	4	3	0	4	0	0	0	0
8	es ist sicher	Weiﬂ  2	4	32	4	1	1	3	3	1	3	0	4	0	4	4	1	3	9	4	3	0	4	0	0	0	0
8	ok 	Weiﬂ  3	4	29	4	1	1	3	3	1	3	0	4	0	10	4	1	3	9	4	3	0	4	0	0	0	0
8	Geht klar :D	Weiﬂ  1	4	18	4	1	1	3	3	1	3	0	4	0	10	4	1	3	9	4	3	0	4	0	0	0	0
8	wenn es X ist, verdienen wir 10	Weiﬂ  2	4	11	8	1	1	3	3	1	3	0	4	0	4	4	1	3	9	4	3	0	4	0	0	0	0
9	Y	Weiﬂ  2	1	58	1	4	1	3	9	4	3	0	4	0	1	4	1	3	9	4	3	0	4	0	0	0	0
9	Y	Weiﬂ  3	1	56	1	4	1	3	9	4	3	0	4	0	1	4	1	3	9	4	3	0	4	0	0	0	0
9	y	Weiﬂ  1	1	48	1	4	1	3	9	4	3	0	4	0	1	4	1	3	9	4	3	0	4	0	0	0	0
9	dann B oder A	Weiﬂ  2	1	35	10	4	1	3	9	4	3	0	4	0	10	4	1	3	9	4	3	0	4	0	0	0	0
9	B	Weiﬂ  1	1	22	10	2	1	3	4	1	3	0	4	0	10	2	1	3	4	1	3	0	4	0	0	0	0
9	Die blauen werden c wahlen	Weiﬂ  3	1	3	10	4	1	3	9	4	3	0	2	0	10	4	1	3	9	4	3	0	2	0	0	0	0
9	aber ok	Weiﬂ  3	1	0	10	4	1	3	9	4	3	0	4	0	10	4	1	3	9	4	3	0	4	0	0	0	0
9	y	Weiﬂ  1	2	59	1	4	1	3	9	4	3	0	4	0	1	4	1	3	9	4	3	0	4	0	0	0	0
9	x	Weiﬂ  3	2	59	1	4	1	3	9	4	3	0	4	0	1	4	1	3	9	4	3	0	4	0	0	0	0
9	x	Weiﬂ  2	2	56	1	4	1	3	9	4	3	0	4	0	1	4	1	3	9	4	3	0	4	0	0	0	0
9	also a	Weiﬂ  3	2	52	10	1	1	3	3	1	3	0	4	0	10	1	1	3	3	1	3	0	4	0	0	0	0
9	ja	Weiﬂ  2	2	49	10	4	1	3	9	4	3	0	4	0	10	4	1	3	9	4	3	0	4	0	0	0	0
9	y	Weiﬂ  1	3	59	1	4	1	3	9	4	3	0	4	0	1	4	1	3	9	4	3	0	4	0	0	0	0
9	Y	Weiﬂ  2	3	59	1	4	1	3	9	4	3	0	4	0	1	4	1	3	9	4	3	0	4	0	0	0	0
9	y	Weiﬂ  3	3	58	1	4	1	3	9	4	3	0	4	0	1	4	1	3	9	4	3	0	4	0	0	0	0
9	b	Weiﬂ  1	3	52	10	2	1	3	4	1	3	0	4	0	10	2	1	3	4	1	3	0	4	0	0	0	0
9	dann b	Weiﬂ  3	3	49	10	2	1	3	4	2	3	0	4	0	10	2	1	3	4	1	3	0	4	0	0	0	0
9	dann B	Weiﬂ  2	3	49	10	2	1	3	4	2	3	0	4	0	10	2	1	3	4	1	3	0	4	0	0	0	0
9	und die blauen werden c w‰hlen	Weiﬂ  3	3	39	10	4	1	3	9	4	3	0	2	0	10	4	1	3	9	4	3	0	2	0	0	0	0
9	Haha, perfekt	Weiﬂ  2	3	33	10	4	1	3	9	4	3	0	4	0	10	4	1	3	9	4	3	0	4	0	0	0	0
9	kann man ihnen ja erkl‰ren	Weiﬂ  2	3	27	10	4	1	3	9	4	3	0	3	0	10	4	1	3	9	4	3	0	3	0	0	0	0
9	den anderen 2 mal x und 1 mal y sagen?	Weiﬂ  1	3	26	10	4	1	3	9	4	3	0	3	1	10	4	1	3	9	4	3	0	3	1	0	0	0
9	haen beide was von	Weiﬂ  2	3	21	3	4	1	3	9	4	2	0	3	0	3	4	1	3	9	4	3	0	4	0	0	0	0
9	:P	Weiﬂ  1	3	20	10	4	1	3	9	4	3	0	4	0	10	4	1	3	9	4	3	0	4	0	0	0	0
9	ehrlich probieren	Weiﬂ  2	3	18	3	4	1	3	9	4	2	0	3	0	10	4	1	3	9	4	3	0	4	0	0	0	0
9	Y	Weiﬂ  1	4	58	1	4	1	3	9	4	3	0	4	0	1	4	1	3	9	4	3	0	4	0	0	0	0
9	Hey, mir wurde auch Y angezeigt	Weiﬂ  2	4	52	1	4	1	3	9	4	3	0	4	0	1	4	1	3	9	4	3	0	4	0	0	0	0
9	BEI MIR X	Weiﬂ  3	4	44	1	4	1	3	9	4	3	0	4	0	1	4	1	3	9	4	3	0	4	0	0	0	0
9	Dann Y Mehrheit? :)	Weiﬂ  1	4	34	10	4	1	3	9	4	3	0	4	0	10	4	1	3	9	4	3	0	4	0	0	0	0
9	Okay. W‰hlen wir dann A? Da kˆnnen wir wenigstens nicht verlieren	Weiﬂ  2	4	29	4	1	1	3	3	1	3	0	4	0	4	1	1	3	3	4	3	0	4	0	0	0	0
9	und B?	Weiﬂ  1	4	27	10	2	1	3	4	1	3	0	4	0	10	2	1	3	4	1	3	0	4	0	0	0	0
9	ja B ok	Weiﬂ  3	4	23	10	2	1	3	4	2	3	0	4	0	10	2	1	3	4	1	3	0	4	0	0	0	0
9	Sicher?	Weiﬂ  2	4	20	10	4	1	3	9	4	3	0	4	0	10	4	1	3	9	4	3	0	4	0	0	0	0
9	Okay, dann B	Weiﬂ  2	4	15	10	2	1	3	4	2	3	0	4	0	10	2	1	3	4	1	3	0	4	0	0	0	0
9	nein die blauen haben nichts davon	Weiﬂ  1	4	12	3	4	1	3	9	4	1	0	3	0	10	4	1	3	9	4	3	0	3	0	0	0	0
9	B	Weiﬂ  1	4	11	10	2	1	3	4	1	3	0	4	0	10	2	1	3	4	1	3	0	4	0	0	0	0
10	y	Weiﬂ  1	1	60	1	4	1	3	9	4	3	0	4	0	1	4	1	3	9	4	3	0	4	0	0	0	0
10	Y	Weiﬂ  2	1	60	1	4	1	3	9	4	3	0	4	0	1	4	1	3	9	4	3	0	4	0	0	0	0
10	habex	Weiﬂ  3	1	54	1	4	1	3	9	4	3	0	4	0	1	4	1	3	9	4	3	0	4	0	0	0	0
10	Was wollen wir w‰hlen?	Weiﬂ  2	1	44	10	4	1	3	9	4	3	0	4	0	10	4	2	3	9	4	3	0	4	0	0	0	0
10	B?	Weiﬂ  2	1	41	10	2	1	3	4	1	3	0	4	0	10	2	1	3	4	1	3	0	4	0	0	0	0
10	dann wieder b	Weiﬂ  3	1	39	10	2	1	3	4	1	3	0	4	0	10	2	1	3	4	1	3	0	4	0	0	0	0
10	oder A	Weiﬂ  2	1	36	10	1	1	3	3	1	3	0	4	0	10	1	1	3	3	1	3	0	4	0	0	0	0
10	und sagen wir haben x	Weiﬂ  2	1	20	10	2	1	3	4	4	3	0	3	1	10	4	1	3	9	4	3	0	3	1	0	0	0
10	blauen sagen x und a?	Weiﬂ  1	1	15	10	2	1	3	4	4	3	0	3	1	10	1	1	3	3	1	3	0	3	1	0	0	0
10	w‰re dann halt safe	Weiﬂ  2	1	4	10	2	1	3	4	4	3	0	3	1	10	4	1	3	9	4	3	0	4	0	0	0	0
10	X	Weiﬂ  2	2	59	1	4	1	3	9	4	3	0	4	0	1	4	1	3	9	4	3	0	4	0	0	0	0
10	Y	Weiﬂ  3	2	58	1	4	1	3	9	4	3	0	4	0	1	4	1	3	9	4	3	0	4	0	0	0	0
10	X	Weiﬂ  1	2	55	1	4	1	3	9	4	3	0	4	0	1	4	1	3	9	4	3	0	4	0	0	0	0
10	A	Weiﬂ  3	2	48	10	1	1	3	3	1	3	0	4	0	10	1	1	3	3	1	3	0	4	0	0	0	0
10	So A	Weiﬂ  2	2	47	10	1	1	3	3	1	3	0	4	0	10	1	1	3	3	1	3	0	4	0	0	0	0
10	A 	Weiﬂ  1	2	36	10	1	1	3	3	1	3	0	4	0	10	1	1	3	3	1	3	0	4	0	0	0	0
10	Mir wurde x angezeigt	Weiﬂ  3	3	56	1	4	1	3	9	4	3	0	4	0	1	4	1	3	9	4	3	0	4	0	0	0	0
10	y	Weiﬂ  1	3	46	1	4	1	3	9	4	3	0	4	0	1	4	1	3	9	4	3	0	4	0	0	0	0
10	und euch?	Weiﬂ  3	3	46	10	4	1	3	9	4	3	0	4	0	10	4	2	3	9	4	3	0	4	0	0	0	0
10	Weiﬂ 2??	Weiﬂ  3	3	29	10	4	4	3	9	4	3	0	4	0	10	4	4	3	9	4	3	0	4	0	0	0	0
10	ehrlich gesagt habe ich es vergessen *peinlich*	Weiﬂ  2	3	25	10	4	1	3	9	4	3	0	4	0	10	4	1	3	9	4	3	0	4	0	0	0	0
10	aber ich sah irgendwie Y	Weiﬂ  2	3	19	1	4	1	3	9	4	3	0	4	0	1	4	1	3	9	4	3	0	4	0	0	0	0
10	ahah	Weiﬂ  1	3	18	10	4	1	3	9	4	3	0	4	0	10	4	1	3	9	4	3	0	4	0	0	0	0
10	Dann lass uns A w‰hlen	Weiﬂ  3	3	16	10	1	1	3	3	1	3	0	4	0	10	1	1	3	3	4	3	0	4	0	0	0	0
10	dann B?	Weiﬂ  2	3	11	10	2	1	3	4	1	3	0	4	0	10	2	1	3	4	1	3	0	4	0	0	0	0
10	da kˆnnen wir eh nicht verlieren	Weiﬂ  3	3	10	10	4	1	3	9	4	3	0	4	0	4	4	1	3	9	4	3	0	4	0	0	0	0
10	nein!	Weiﬂ  3	3	9	10	4	1	3	9	4	3	0	4	0	10	4	1	3	9	4	3	0	4	0	0	0	0
10	ja	Weiﬂ  1	3	9	10	4	1	3	9	4	3	0	4	0	10	4	1	3	9	4	3	0	4	0	0	0	0
10	Y und B? 	Weiﬂ  2	3	7	10	2	1	3	4	2	3	0	4	0	10	2	1	3	8	2	3	0	4	0	0	0	0
10	warum??	Weiﬂ  3	3	4	10	4	1	3	9	4	3	0	4	0	10	4	1	3	9	4	3	0	4	0	0	0	0
10	ja	Weiﬂ  1	3	4	10	4	1	3	9	4	3	0	4	0	10	4	1	3	9	4	3	0	4	0	0	0	0
10	y	Weiﬂ  1	4	59	1	4	1	3	9	4	3	0	4	0	1	4	1	3	9	4	3	0	4	0	0	0	0
10	x	Weiﬂ  2	4	59	1	4	1	3	9	4	3	0	4	0	1	4	1	3	9	4	3	0	4	0	0	0	0
10	y	Weiﬂ  3	4	58	1	4	1	3	9	4	3	0	4	0	1	4	1	3	9	4	3	0	4	0	0	0	0
10	a	Weiﬂ  3	4	53	10	1	1	3	3	1	3	0	4	0	10	1	1	3	3	1	3	0	4	0	0	0	0
10	also b	Weiﬂ  1	4	49	10	1	1	3	3	1	3	0	4	0	10	2	1	3	4	1	3	0	4	0	0	0	0
10	wieso denn a ?	Weiﬂ  1	4	32	10	4	1	3	9	4	3	0	4	0	10	4	1	3	9	4	3	0	4	0	0	0	0
10	kann man nicht verlieren	Weiﬂ  3	4	22	10	4	1	3	9	4	3	0	4	0	4	4	1	3	9	4	3	0	4	0	0	0	0
10	da werden sich die blauen niemals daruf einlassen	Weiﬂ  1	4	16	10	4	1	3	9	4	3	0	2	0	10	4	1	3	9	4	3	0	2	0	0	0	0
10	a	Weiﬂ  2	4	9	10	1	1	3	3	1	3	0	4	0	10	1	1	3	3	1	3	0	4	0	0	0	0
10	die w‰hlen sowieso c	Weiﬂ  3	4	5	10	4	1	3	9	4	3	0	2	0	10	4	1	3	9	4	3	0	2	0	0	0	0
11	y	Weiﬂ  1	1	59	1	4	1	3	9	4	3	0	4	0	1	4	1	3	9	4	3	0	4	0	0	0	0
11	situation x	Weiﬂ  3	1	56	1	4	1	3	9	4	3	0	4	0	1	4	1	3	9	4	3	0	4	0	0	0	0
11	y	Weiﬂ  2	1	55	1	4	1	3	9	4	3	0	4	0	1	4	1	3	9	4	3	0	4	0	0	0	0
11	a	Weiﬂ  2	1	49	10	1	1	3	3	1	3	0	4	0	10	1	1	3	3	1	3	0	4	0	0	0	0
11	oh... W‰hlen wir A oder B?	Weiﬂ  3	1	48	10	4	1	3	9	4	3	0	4	0	10	4	2	3	9	4	3	0	4	0	0	0	0
11	immer a	Weiﬂ  2	1	42	10	1	1	3	3	1	3	0	4	0	10	1	1	3	3	1	3	0	4	0	0	0	0
11	w‰re fast f¸r B	Weiﬂ  1	1	38	10	2	1	3	4	1	3	0	4	0	10	2	1	3	4	1	3	0	4	0	0	0	0
11	kann man nicht verlieren	Weiﬂ  2	1	36	10	4	1	3	9	4	3	0	4	0	10	4	1	3	9	4	3	0	4	0	0	0	0
11	A geht oft schief	Weiﬂ  1	1	33	10	1	1	3	3	1	3	0	4	0	7	4	1	3	9	4	3	0	4	0	0	0	0
11	ja aber die lernen ja auch dazu	Weiﬂ  1	1	24	10	4	1	3	9	4	3	0	1	0	10	4	1	3	9	4	3	0	3	0	0	0	0
11	a kann nicht schief gehen	Weiﬂ  2	1	23	10	1	1	3	3	1	3	0	4	0	10	1	1	3	3	1	3	0	4	0	0	0	0
11	bei A kann man nicht verlieren	Weiﬂ  3	1	18	10	1	1	3	3	1	3	0	4	0	10	4	1	3	9	4	3	0	4	0	0	0	0
11	Also A?	Weiﬂ  3	1	15	10	1	1	3	3	1	3	0	4	0	10	1	1	3	3	1	3	0	4	0	0	0	0
11	ok	Weiﬂ  1	1	11	10	4	1	3	9	4	3	0	4	0	10	4	1	3	9	4	3	0	4	0	0	0	0
11	die blauen nehmen im zweifel immer c	Weiﬂ  2	1	11	10	4	1	3	9	4	3	0	2	0	10	4	1	3	9	4	3	0	2	0	0	0	0
11	Und sagen, es w‰re X!	Weiﬂ  3	1	5	10	4	1	3	9	4	3	0	3	1	10	4	1	3	9	4	3	0	4	1	0	0	0
11	Es bring f¸r alle was	Weiﬂ  3	1	2	3	4	1	3	9	4	2	0	3	0	3	4	1	3	9	4	3	0	4	0	0	0	0
11	X	Weiﬂ  3	2	57	1	4	1	3	9	4	3	0	4	0	1	4	1	3	9	4	3	0	4	0	0	0	0
11	X	Weiﬂ  1	2	53	1	4	1	3	9	4	3	0	4	0	1	4	1	3	9	4	3	0	4	0	0	0	0
11	X	Weiﬂ  2	2	50	2	4	1	3	9	4	3	0	4	0	2	4	1	3	9	4	3	0	4	0	1	1	1
11	ok jaaa	Weiﬂ  3	2	47	10	1	1	3	3	1	3	0	4	0	10	4	1	3	9	4	3	0	4	0	0	0	0
11	dann A	Weiﬂ  3	2	45	10	1	1	3	3	1	3	0	4	0	10	1	1	3	3	1	3	0	4	0	0	0	0
11	:)	Weiﬂ  3	2	43	10	4	1	3	9	4	3	0	4	0	10	1	1	3	3	1	3	0	4	0	0	0	0
11	schˆn	Weiﬂ  3	2	42	10	4	1	3	9	4	3	0	4	0	10	4	1	3	9	4	3	0	4	0	0	0	0
11	A	Weiﬂ  1	2	42	10	1	1	3	3	1	3	0	4	0	10	1	1	3	3	1	3	0	4	0	0	0	0
11	geil	Weiﬂ  2	2	33	10	4	1	3	9	4	3	0	4	0	10	4	1	3	9	4	3	0	4	0	0	0	0
11	ja! :)	Weiﬂ  3	2	29	10	4	1	3	9	4	3	0	4	0	10	4	1	3	9	4	3	0	4	0	0	0	0
11	X	Weiﬂ  3	3	59	1	4	1	3	9	4	3	0	4	0	1	4	1	3	9	4	3	0	4	0	0	0	0
11	y	Weiﬂ  2	3	58	1	4	1	3	9	4	3	0	4	0	1	4	1	3	9	4	3	0	4	0	0	0	0
11	x	Weiﬂ  1	3	56	1	4	1	3	9	4	3	0	4	0	1	4	1	3	9	4	3	0	4	0	0	0	0
11	b oder a ?	Weiﬂ  1	3	37	10	4	1	3	9	4	3	0	4	0	10	4	1	3	9	4	3	0	4	0	0	0	0
11	A	Weiﬂ  3	3	33	10	1	1	3	3	1	3	0	4	0	10	1	1	3	3	1	3	0	4	0	0	0	0
11	a	Weiﬂ  2	3	30	10	1	1	3	3	1	3	0	4	0	10	1	1	3	3	1	3	0	4	0	0	0	0
11	OK	Weiﬂ  1	3	27	10	4	1	3	9	4	3	0	4	0	10	4	1	3	9	4	3	0	4	0	0	0	0
11	x	Weiﬂ  2	4	60	1	4	1	3	9	4	3	0	4	0	1	4	1	3	9	4	3	0	4	0	0	0	0
11	x	Weiﬂ  3	4	57	1	4	1	3	9	4	3	0	4	0	1	4	1	3	9	4	3	0	4	0	0	0	0
11	x	Weiﬂ  1	4	56	1	4	1	3	9	4	3	0	4	0	1	4	1	3	9	4	3	0	4	0	0	0	0
11	also a:)	Weiﬂ  1	4	50	10	1	1	3	3	1	3	0	4	0	10	1	1	3	3	1	3	0	4	0	0	0	0
11	dann a	Weiﬂ  3	4	48	10	1	1	3	3	1	3	0	4	0	10	1	1	3	3	1	3	0	4	0	0	0	0
11	ja	Weiﬂ  2	4	46	10	4	1	3	9	4	3	0	4	0	10	4	1	3	9	4	3	0	4	0	0	0	0
11	gut dann ab die blauen ¸berezuegn 	Weiﬂ  1	4	32	10	4	1	3	9	4	3	0	3	0	10	4	1	3	9	4	3	0	3	0	0	0	0
11	hoffentlich sind die gut drauf	Weiﬂ  1	4	19	9	4	1	3	9	4	3	0	1	0	9	4	1	3	9	4	3	0	1	0	0	0	0
12	x	Weiﬂ  1	1	60	1	4	1	3	9	4	3	0	4	0	1	4	1	3	9	4	3	0	4	0	0	0	0
12	Y	Weiﬂ  3	1	59	1	4	1	3	9	4	3	0	4	0	1	4	1	3	9	4	3	0	4	0	0	0	0
12	hallˆchen	Weiﬂ  2	1	59	10	4	1	3	9	4	3	0	4	0	10	4	1	3	9	4	3	0	4	0	0	0	0
12	mir wurde auch x angezeigt	Weiﬂ  2	1	53	1	4	1	3	9	4	3	0	4	0	1	4	1	3	9	4	3	0	4	0	0	0	0
12	und nu?	Weiﬂ  1	1	46	10	4	1	3	9	4	3	0	4	0	10	4	1	3	9	4	3	0	4	0	0	0	0
12	A?	Weiﬂ  1	1	42	10	1	1	3	3	1	3	0	4	0	10	1	1	3	3	1	3	0	4	0	0	0	0
12	dann hab ich falsch???	Weiﬂ  3	1	41	10	4	1	3	9	4	3	0	4	0	10	4	1	3	9	4	3	0	4	0	0	0	0
12	Lasst uns A w‰hlen? :)	Weiﬂ  2	1	37	10	1	1	3	3	1	3	0	4	0	10	1	1	3	3	1	3	0	4	0	0	0	0
12	Wie, falsch?	Weiﬂ  2	1	34	10	4	1	3	9	4	3	0	4	0	10	4	1	3	9	4	3	0	4	0	0	0	0
12	ich w‰hle a und vertraue euch	Weiﬂ  3	1	29	6	1	1	3	3	1	3	0	4	0	6	1	1	3	3	1	3	0	4	0	0	0	0
12	Alles klar :)	Weiﬂ  1	1	29	10	4	1	3	9	4	3	0	4	0	10	4	1	3	9	4	3	0	4	0	0	0	0
12	Wir sind auch sehr vertrauensw¸rdig :)	Weiﬂ  2	1	17	6	4	1	3	9	4	3	0	4	0	6	4	1	3	9	4	3	0	4	0	0	0	0
12	und wie!	Weiﬂ  1	1	7	6	4	1	3	9	4	3	0	4	0	10	4	1	3	9	4	3	0	4	0	0	0	0
12	:D :D	Weiﬂ  2	1	2	10	4	1	3	9	4	3	0	4	0	10	4	1	3	9	4	3	0	4	0	0	0	0
12	y	Weiﬂ  3	2	59	1	4	1	3	9	4	3	0	4	0	1	4	1	3	9	4	3	0	4	0	0	0	0
12	x	Weiﬂ  1	2	59	1	4	1	3	9	4	3	0	4	0	1	4	1	3	9	4	3	0	4	0	0	0	0
12	X	Weiﬂ  2	2	59	1	4	1	3	9	4	3	0	4	0	1	4	1	3	9	4	3	0	4	0	0	0	0
12	also a	Weiﬂ  1	2	55	10	1	1	3	3	1	3	0	4	0	10	1	1	3	3	1	3	0	4	0	0	0	0
12	A	Weiﬂ  2	2	53	10	1	1	3	3	1	3	0	4	0	10	1	1	3	3	1	3	0	4	0	0	0	0
12	weiﬂ 3 ? d#accord?	Weiﬂ  1	2	37	10	4	1	3	9	4	3	0	4	0	10	4	4	3	9	4	3	0	4	0	0	0	0
12	ok	Weiﬂ  3	2	25	10	4	1	3	9	4	3	0	4	0	10	4	1	3	9	4	3	0	4	0	0	0	0
12	y	Weiﬂ  3	3	60	1	4	1	3	9	4	3	0	4	0	1	4	1	3	9	4	3	0	4	0	0	0	0
12	Y	Weiﬂ  2	3	58	1	4	1	3	9	4	3	0	4	0	1	4	1	3	9	4	3	0	4	0	0	0	0
12	x	Weiﬂ  1	3	57	1	4	1	3	9	4	3	0	4	0	1	4	1	3	9	4	3	0	4	0	0	0	0
12	ouuuuh	Weiﬂ  2	3	53	10	4	1	3	9	4	3	0	4	0	10	4	1	3	9	4	3	0	4	0	0	0	0
12	wahlen wir A	Weiﬂ  2	3	38	10	1	1	3	3	1	3	0	4	0	10	1	1	3	3	1	3	0	4	0	0	0	0
12	und sagen zu blau dass es X ist 	Weiﬂ  2	3	23	10	2	1	3	4	1	3	0	4	1	10	4	1	3	9	4	3	0	3	0	0	0	0
12	blauen wahrheit sagen und ¸berraschen lassen	Weiﬂ  3	3	23	3	4	1	3	9	4	3	0	3	0	10	4	1	3	9	4	3	0	3	1	0	0	0
12	ahhh ok  ok	Weiﬂ  2	3	10	10	4	1	3	9	4	3	0	4	0	10	4	1	3	9	4	3	0	4	0	0	0	0
12	ahah 	Weiﬂ  1	3	3	10	4	1	3	9	4	3	0	4	0	10	4	1	3	9	4	3	0	4	0	0	0	0
12	x	Weiﬂ  2	4	60	1	4	1	3	9	4	3	0	4	0	1	4	1	3	9	4	3	0	4	0	0	0	0
12	y	Weiﬂ  1	4	58	1	4	1	3	9	4	3	0	4	0	1	4	1	3	9	4	3	0	4	0	0	0	0
12	x	Weiﬂ  3	4	50	1	4	1	3	9	4	3	0	4	0	2	4	1	3	9	4	3	0	4	0	0	1	1
12	A	Weiﬂ  2	4	48	10	1	1	3	3	1	3	0	4	0	10	1	1	3	3	1	3	0	4	0	0	0	0
12	ja	Weiﬂ  3	4	37	10	4	1	3	9	4	3	0	4	0	10	4	1	3	9	4	3	0	4	0	0	0	0
12	#aha	Weiﬂ  2	4	36	10	4	1	3	9	4	3	0	4	0	10	4	1	3	9	4	3	0	4	0	0	0	0
12	a	Weiﬂ  1	4	22	10	1	1	3	3	1	3	0	4	0	10	1	1	3	3	1	3	0	4	0	0	0	0
13	x	Weiﬂ  3	1	60	1	4	1	3	9	4	3	0	4	0	1	4	1	3	9	4	3	0	4	0	0	0	0
13	x bei mir	Weiﬂ  2	1	58	1	4	1	3	9	4	3	0	4	0	1	4	1	3	9	4	3	0	4	0	0	0	0
13	Computerchen sagt mir auch x	Weiﬂ  1	1	56	1	4	1	3	9	4	3	0	4	0	1	4	1	3	9	4	3	0	4	0	0	0	0
13	Dann A	Weiﬂ  2	1	51	10	1	1	3	3	1	3	0	4	0	10	1	1	3	3	1	3	0	4	0	0	0	0
13	Ja, genau	Weiﬂ  1	1	48	10	4	1	3	9	4	3	0	4	0	10	4	1	1	9	4	3	0	4	0	0	0	0
13	langsam wirds langweilig :D	Weiﬂ  2	1	35	10	4	1	3	9	4	3	0	4	0	10	4	1	3	9	4	3	0	4	0	0	0	0
13	Die Blauen w‰hlen immer C, wir w‰hlen immer A.	Weiﬂ  3	1	34	10	4	1	3	2	4	3	0	4	0	10	4	1	3	2	1	3	0	2	0	0	0	0
13	Die Blauen w‰hlen immer C, wir w‰hlen immer A.	Weiﬂ  3	1	32	10	4	1	3	2	4	3	0	4	0	10	4	1	3	2	1	3	0	2	0	0	0	0
13	mˆge der Computer f¸r uns sein	Weiﬂ  2	1	16	10	4	1	3	9	4	3	0	4	0	9	4	1	3	9	4	3	0	4	0	0	0	0
13	come on digga	Weiﬂ  3	1	4	10	4	1	3	9	4	3	0	4	0	10	4	1	3	9	4	3	0	4	0	0	0	0
13	Hoffentlich :)	Weiﬂ  1	1	2	10	4	1	3	9	4	3	0	4	0	9	4	1	3	9	4	3	0	4	0	0	0	0
13	x	Weiﬂ  1	2	58	1	4	1	3	9	4	3	0	4	0	1	4	1	3	9	4	3	0	4	0	0	0	0
13	x	Weiﬂ  3	2	57	1	4	1	3	9	4	3	0	4	0	1	4	1	3	9	4	3	0	4	0	0	0	0
13	x	Weiﬂ  2	2	57	1	4	1	3	9	4	3	0	4	0	1	4	1	3	9	4	3	0	4	0	0	0	0
13	a	Weiﬂ  2	2	54	10	1	1	3	3	1	3	0	4	0	10	1	1	3	3	1	3	0	4	0	0	0	0
13	A	Weiﬂ  1	2	52	10	1	1	3	3	1	3	0	4	0	10	1	1	3	3	1	3	0	4	0	0	0	0
13	a	Weiﬂ  3	2	49	10	1	1	3	3	1	3	0	4	0	10	1	1	3	3	1	3	0	4	0	0	0	0
13	AAAA	Weiﬂ  1	2	17	10	1	1	3	3	1	3	0	4	0	10	1	1	3	3	1	3	0	4	0	0	0	0
13	X	Weiﬂ  2	3	60	1	4	1	3	9	4	3	0	4	0	1	4	1	3	9	4	3	0	4	0	0	0	0
13	x	Weiﬂ  3	3	59	1	4	1	3	9	4	3	0	4	0	1	4	1	3	9	4	3	0	4	0	0	0	0
13	y	Weiﬂ  1	3	57	1	4	1	3	9	4	3	0	4	0	1	4	1	3	9	4	3	0	4	0	0	0	0
13	also a ?	Weiﬂ  3	3	52	10	1	1	3	3	1	3	0	4	0	10	1	1	3	3	1	3	0	4	0	0	0	0
13	Mehrheit X	Weiﬂ  2	3	50	10	4	1	3	9	4	3	0	4	0	10	4	1	3	9	4	3	0	4	0	0	0	0
13	ja	Weiﬂ  1	3	48	10	4	1	3	9	4	3	0	4	0	10	4	1	3	9	4	3	0	4	0	0	0	0
13	und A :)	Weiﬂ  2	3	47	10	1	1	3	3	1	3	0	4	0	10	1	1	3	3	1	3	0	4	0	0	0	0
13	danke f¸r die geistreiche feststellung weiﬂ 2 :D :*	Weiﬂ  3	3	28	10	4	4	3	9	4	3	0	4	0	10	4	4	2	9	4	3	0	4	0	0	0	0
13	bitte bitte :)))	Weiﬂ  2	3	18	10	4	1	3	9	4	3	0	4	0	10	4	1	3	9	4	3	0	4	0	0	0	0
13	x	Weiﬂ  3	4	60	1	4	1	3	9	4	3	0	4	0	1	4	1	3	9	4	3	0	4	0	0	0	0
13	y	Weiﬂ  2	4	57	1	4	1	3	9	4	3	0	4	0	1	4	1	3	9	4	3	0	4	0	0	0	0
13	X	Weiﬂ  1	4	55	1	4	1	3	9	4	3	0	4	0	1	4	1	3	9	4	3	0	4	0	0	0	0
13	also a	Weiﬂ  2	4	45	10	1	1	3	3	1	3	0	4	0	10	1	1	3	3	1	3	0	4	0	0	0	0
13	A	Weiﬂ  1	4	43	10	1	1	3	3	1	3	0	4	0	10	1	1	3	3	1	3	0	4	0	0	0	0
13	ok 	Weiﬂ  3	4	38	10	4	1	3	9	4	3	0	4	0	10	4	1	3	9	4	3	0	4	0	0	0	0
13	Ich denke dass die Blauen immer C wahlen werden ...	Weiﬂ  3	4	7	10	4	1	3	9	4	3	0	4	0	10	4	1	3	9	4	3	0	2	0	0	0	0
14	Y	Weiﬂ  3	1	59	1	4	1	3	9	4	3	0	4	0	1	4	1	3	9	4	3	0	4	0	0	0	0
14	x	Weiﬂ  1	1	58	1	4	1	3	9	4	3	0	4	0	1	4	1	3	9	4	3	0	4	0	0	0	0
14		Weiﬂ  1	1	57																		1			0	0	0
14	Bei mir soll es X sein :)	Weiﬂ  2	1	54	1	4	1	3	9	4	3	0	4	0	1	4	1	3	9	4	3	0	4	0	0	0	0
14	A?	Weiﬂ  2	1	49	10	1	1	3	3	1	3	0	4	0	10	1	1	3	3	1	3	0	4	0	0	0	0
14	A	Weiﬂ  3	1	46	10	1	1	3	3	1	3	0	4	0	10	1	1	3	3	1	3	0	4	0	0	0	0
14	ja	Weiﬂ  1	1	42	10	4	1	3	9	4	3	0	4	0	10	4	1	3	9	4	3	0	4	0	0	0	0
14	a	Weiﬂ  1	1	40	10	1	1	3	3	1	3	0	4	0	10	1	1	3	3	1	3	0	4	0	0	0	0
14	denen sagen wir hatten 3x?	Weiﬂ  2	1	35	10	4	1	3	9	4	3	0	3	0	10	4	1	3	9	4	3	0	3	1	0	0	0
14	x	Weiﬂ  2	2	60	1	4	1	3	9	4	3	0	4	0	1	4	1	3	9	4	3	0	4	0	0	0	0
14	Die Blauen w‰hlen immer C, wir w‰hlen immer A.	Weiﬂ  2	2	58	10	4	1	3	2	4	3	0	4	0	10	4	1	3	2	1	3	0	2	0	0	0	0
14	Y	Weiﬂ  3	2	57	1	4	1	3	9	4	3	0	4	0	1	4	1	3	9	4	3	0	4	0	0	0	0
14	x	Weiﬂ  1	2	57	1	4	1	3	9	4	3	0	4	0	1	4	1	3	9	4	3	0	4	0	0	0	0
14	Ja 	Weiﬂ  3	2	35	10	4	1	3	9	4	3	0	4	0	10	4	1	3	9	4	3	0	4	0	0	0	0
14	hm...	Weiﬂ  1	2	13	10	4	1	3	9	4	3	0	4	0	10	4	1	3	9	4	3	0	4	0	0	0	0
14	x	Weiﬂ  3	3	60	1	4	1	3	9	4	3	0	4	0	1	4	1	3	9	4	3	0	4	0	0	0	0
14	Y	Weiﬂ  1	3	58	1	4	1	3	9	4	3	0	4	0	1	4	1	3	9	4	3	0	4	0	0	0	0
14	x	Weiﬂ  2	3	58	1	4	1	3	9	4	3	0	4	0	1	4	1	3	9	4	3	0	4	0	0	0	0
14	a	Weiﬂ  3	3	55	10	1	1	3	3	1	3	0	4	0	10	1	1	3	3	1	3	0	4	0	0	0	0
14	dann glaube ich euch	Weiﬂ  1	3	50	10	4	1	3	9	4	3	0	4	0	6	1	2	3	9	4	3	0	4	0	0	0	0
14	und A	Weiﬂ  1	3	46	10	1	1	3	3	1	3	0	4	0	10	1	1	3	3	1	3	0	4	0	0	0	0
14	ok	Weiﬂ  2	3	44	10	4	1	3	9	4	3	0	4	0	10	4	1	3	9	4	3	0	4	0	0	0	0
14	X	Weiﬂ  2	4	58	1	4	1	3	9	4	3	0	4	0	1	4	1	3	9	4	3	0	4	0	0	0	0
14	y	Weiﬂ  3	4	47	1	4	1	3	9	4	3	0	4	0	1	4	1	3	9	4	3	0	4	0	0	0	0
14	Und wieder einmal *trommelwirbel* auch bei mir Sitaution x!	Weiﬂ  1	4	45	1	4	1	3	9	4	3	0	4	0	1	4	1	3	9	4	3	0	4	0	0	0	0
14	also a ?	Weiﬂ  3	4	36	10	1	1	3	3	1	3	0	4	0	10	1	1	3	3	1	3	0	4	0	0	0	0
14	A :)	Weiﬂ  1	4	33	10	1	1	3	3	1	3	0	4	0	10	1	1	3	3	1	3	0	4	0	0	0	0
14	ja A 	Weiﬂ  2	4	28	10	1	1	3	3	1	3	0	4	0	10	1	1	3	3	1	3	0	4	0	0	0	0
14	cooooooolio 	Weiﬂ  3	4	25	10	4	1	3	9	4	3	0	4	0	10	4	1	3	9	4	3	0	4	0	0	0	0
14	am mideste 10	Weiﬂ  2	4	17	10	4	1	3	9	4	3	0	4	0	10	4	1	3	9	4	1	0	4	0	0	0	0
14	digga	Weiﬂ  2	4	13	10	4	1	3	9	4	3	0	4	0	10	4	1	3	9	4	3	0	4	0	0	0	0
14	warum dauert das sooo lang	Weiﬂ  3	4	6	10	4	1	3	9	4	3	0	4	0	10	4	1	3	9	4	3	0	4	0	0	0	0
14	:( :(	Weiﬂ  3	4	2	10	4	1	3	9	4	3	0	4	0	10	4	1	3	9	4	3	0	4	0	0	0	0
14	:)	Weiﬂ  1	4	1	10	4	1	3	9	4	3	0	4	0	10	4	1	3	9	4	3	0	4	0	0	0	0
15	Y	Weiﬂ  2	1	60	1	4	1	3	9	4	3	0	4	0	1	4	1	3	9	4	3	0	4	0	0	0	0
15	x	Weiﬂ  1	1	59	1	4	1	3	9	4	3	0	4	0	1	4	1	3	9	4	3	0	4	0	0	0	0
15	x	Weiﬂ  3	1	59	1	4	1	3	9	4	3	0	4	0	1	4	1	3	9	4	3	0	4	0	0	0	0
15	Die Blauen w‰hlen immer C, wir w‰hlen immer A.	Weiﬂ  1	1	58	10	4	1	3	2	4	3	0	4	0	10	4	1	3	2	1	3	0	2	0	0	0	0
15	a	Weiﬂ  3	1	48	10	1	1	3	3	1	3	0	4	0	10	1	1	3	3	1	3	0	4	0	0	0	0
15	dann X und A? ich vertraue euch, zwei X	Weiﬂ  2	1	36	10	1	1	3	3	1	3	0	4	0	6	1	1	3	8	2	3	0	4	0	0	0	0
15	immer A	Weiﬂ  1	1	22	10	1	1	3	3	1	3	0	4	0	10	1	1	3	3	1	3	0	4	0	0	0	0
15	nein nicht immer wenn es Y ist ist es schlecht f¸r blau	Weiﬂ  2	1	8	8	4	1	3	9	4	1	0	3	0	7	4	1	3	9	4	3	0	3	0	0	0	0
15	Y	Weiﬂ  1	2	59	1	4	1	3	9	4	3	0	4	0	1	4	1	3	9	4	3	0	4	0	0	0	0
15	y	Weiﬂ  3	2	59	1	4	1	3	9	4	3	0	4	0	1	4	1	3	9	4	3	0	4	0	0	0	0
15	y	Weiﬂ  2	2	58	1	4	1	3	9	4	3	0	4	0	1	4	1	3	9	4	3	0	4	0	0	0	0
15	b	Weiﬂ  3	2	56	10	2	1	3	4	1	3	0	4	0	10	2	1	3	4	1	3	0	4	0	0	0	0
15	jou	Weiﬂ  1	2	51	10	4	1	3	9	4	3	0	4	0	10	4	1	3	9	4	3	0	4	0	0	0	0
15	b	Weiﬂ  2	2	50	10	2	1	3	4	1	3	0	4	0	10	2	1	3	4	1	3	0	4	0	0	0	0
15	sag nicht zu den blauen	Weiﬂ  3	2	3	10	4	1	3	9	4	3	0	4	0	10	4	1	3	9	4	3	0	3	0	0	0	0
15	x	Weiﬂ  1	3	60	1	4	1	3	9	4	3	0	4	0	1	4	1	3	9	4	3	0	4	0	0	0	0
15	x	Weiﬂ  2	3	59	1	4	1	3	9	4	3	0	4	0	1	4	1	3	9	4	3	0	4	0	0	0	0
15	y	Weiﬂ  3	3	56	1	4	1	3	9	4	3	0	4	0	1	4	1	3	9	4	3	0	4	0	0	0	0
15	A dann?	Weiﬂ  3	3	40	10	1	1	3	3	1	3	0	4	0	10	1	1	3	3	1	3	0	4	0	0	0	0
15	a	Weiﬂ  1	3	36	10	1	1	3	3	1	3	0	4	0	10	1	1	3	3	1	3	0	4	0	0	0	0
15	Ja...	Weiﬂ  2	3	30	10	4	1	3	9	4	3	0	4	0	10	4	1	3	9	4	3	0	4	0	0	0	0
15	super	Weiﬂ  3	3	22	10	4	1	3	9	4	3	0	4	0	10	4	1	3	9	4	3	0	4	0	0	0	0
15	x	Weiﬂ  1	4	60	1	4	1	3	9	4	3	0	4	0	1	4	1	3	9	4	3	0	4	0	0	0	0
15	Y	Weiﬂ  3	4	59	1	4	1	3	9	4	3	0	4	0	1	4	1	3	9	4	3	0	4	0	0	0	0
15	Y	Weiﬂ  2	4	57	1	4	1	3	9	4	3	0	4	0	1	4	1	3	9	4	3	0	4	0	0	0	0
15	hummmm	Weiﬂ  2	4	50	10	4	1	3	9	4	3	0	4	0	10	4	1	3	9	4	3	0	4	0	0	0	0
15	A oder B 	Weiﬂ  2	4	45	10	4	1	3	9	4	3	0	4	0	10	4	1	3	9	4	3	0	4	0	0	0	0
15	also versuchen wir sie zu b zu ¸berreden :) ?	Weiﬂ  1	4	43	10	2	1	3	4	1	3	0	3	0	10	2	1	3	4	1	3	0	3	0	0	0	0
15	ja ich auch	Weiﬂ  3	4	36	10	4	1	3	9	4	3	0	4	0	10	4	1	3	9	4	3	0	4	0	0	0	0
15	ich finde b besser :)	Weiﬂ  1	4	22	10	2	1	3	4	1	3	0	4	0	10	2	1	3	4	1	3	0	4	0	0	0	0
15	und wenn wir mit liebe rangehen machen sie das bestimmt	Weiﬂ  1	4	11	10	4	1	3	9	4	3	0	4	0	9	4	1	3	9	4	3	0	1	0	0	0	0
15	sicherheit oder risiko	Weiﬂ  2	4	9	10	4	1	3	9	4	3	0	4	0	10	4	1	3	9	4	3	0	4	0	0	0	0
15	risiko :)	Weiﬂ  1	4	2	10	4	1	3	9	4	3	0	4	0	10	4	1	3	9	4	3	0	4	0	0	0	0
16	y	Weiﬂ  1	1	60	1	4	1	3	9	4	3	0	4	0	1	4	1	3	9	4	3	0	4	0	0	0	0
16	Y	Weiﬂ  2	1	60	1	4	1	3	9	4	3	0	4	0	1	4	1	3	9	4	3	0	4	0	0	0	0
16	x	Weiﬂ  3	1	60	1	4	1	3	9	4	3	0	4	0	1	4	1	3	9	4	3	0	4	0	0	0	0
16	blauen nichts mehr sagen?	Weiﬂ  3	1	50	10	4	1	3	9	4	3	0	3	0	10	4	1	3	9	4	3	0	3	0	0	0	0
16	B?	Weiﬂ  2	1	50	10	2	1	3	4	1	3	0	4	0	10	2	1	3	4	1	3	0	4	0	0	0	0
16	Ja B	Weiﬂ  1	1	39	10	2	1	3	4	1	3	0	4	0	10	2	1	3	4	1	3	0	4	0	0	0	0
16	b	Weiﬂ  3	1	39	10	2	1	3	4	1	3	0	4	0	10	2	1	3	4	1	3	0	4	0	0	0	0
16	entweder das oder ehrlich	Weiﬂ  2	1	33	10	4	1	3	9	4	3	0	3	0	10	4	1	3	9	4	3	0	4	0	0	0	0
16	h‰tten ja von b alle was	Weiﬂ  2	1	28	3	2	1	3	4	1	2	0	3	0	3	2	1	3	4	1	3	0	4	0	0	0	0
16	mir egal	Weiﬂ  2	1	7	10	4	1	3	9	4	3	0	4	0	10	4	1	3	9	4	3	0	4	0	0	0	0
16	die w‰hlen wieder nur c...	Weiﬂ  3	1	7	10	4	1	3	9	4	3	0	2	0	10	4	1	3	9	4	3	0	2	0	0	0	0
16	ok dann nichts	Weiﬂ  2	1	2	10	4	1	3	9	4	3	0	4	0	10	4	1	3	9	4	3	0	4	0	0	0	0
16	Y	Weiﬂ  3	2	60	1	4	1	3	9	4	3	0	4	0	1	4	1	3	9	4	3	0	4	0	0	0	0
16	x	Weiﬂ  1	2	60	1	4	1	3	9	4	3	0	4	0	1	4	1	3	9	4	3	0	4	0	0	0	0
16	y	Weiﬂ  2	2	57	1	4	1	3	9	4	3	0	4	0	1	4	1	3	9	4	3	0	4	0	0	0	0
16	dann Y	Weiﬂ  3	2	54	10	4	1	3	9	4	3	0	4	0	10	4	1	3	9	4	3	0	4	0	0	0	0
16	und B :)	Weiﬂ  3	2	49	10	2	1	3	4	1	3	0	4	0	10	2	1	3	4	1	3	0	4	0	0	0	0
16	ok	Weiﬂ  1	2	45	10	4	1	3	9	4	3	0	4	0	10	4	1	3	9	4	3	0	4	0	0	0	0
16	ok	Weiﬂ  2	2	42	10	4	1	3	9	4	3	0	4	0	10	4	1	3	9	4	3	0	4	0	0	0	0
16	x	Weiﬂ  1	3	59	1	4	1	3	9	4	3	0	4	0	1	4	1	3	9	4	3	0	4	0	0	0	0
16	Y	Weiﬂ  3	3	58	1	4	1	3	9	4	3	0	4	0	1	4	1	3	9	4	3	0	4	0	0	0	0
16	X	Weiﬂ  2	3	57	1	4	1	3	9	4	3	0	4	0	1	4	1	3	9	4	3	0	4	0	0	0	0
16	a	Weiﬂ  1	3	54	10	1	1	3	3	1	3	0	4	0	10	1	1	3	3	1	3	0	4	0	0	0	0
16	A	Weiﬂ  2	3	51	10	1	1	3	3	1	3	0	4	0	10	1	1	3	3	1	3	0	4	0	0	0	0
16	A	Weiﬂ  3	3	47	10	1	1	3	3	1	3	0	4	0	10	1	1	3	3	1	3	0	4	0	0	0	0
16	jetzt kannst du sagen 3 mal X	Weiﬂ  1	3	27	10	4	1	3	9	4	3	0	3	1	10	4	1	3	9	4	3	0	4	1	0	0	0
16	und deswegen a	Weiﬂ  1	3	23	10	1	1	3	3	1	3	0	4	0	10	1	1	3	8	2	3	0	4	0	0	0	0
16	ok machen wir das	Weiﬂ  3	3	1	10	4	1	3	9	4	3	0	4	0	10	4	1	3	9	4	3	0	4	1	0	0	0
16	y	Weiﬂ  2	4	59	1	4	1	3	9	4	3	0	4	0	1	4	1	3	9	4	3	0	4	0	0	0	0
16	y	Weiﬂ  3	4	59	1	4	1	3	9	4	3	0	4	0	1	4	1	3	9	4	3	0	4	0	0	0	0
16	Hey, mir wurde auch y angezeigt	Weiﬂ  1	4	54	1	4	1	3	9	4	3	0	4	0	1	4	1	3	9	4	3	0	4	0	0	0	0
16	cool :)	Weiﬂ  2	4	48	10	4	1	3	9	4	3	0	4	0	10	4	1	3	9	4	3	0	4	0	0	0	0
16	dann lass uns B w‰hlen	Weiﬂ  1	4	47	10	2	1	3	4	1	3	0	4	0	10	2	2	3	4	4	3	0	4	0	0	0	0
16	Lass den anderen sagen wir haben  mal x	Weiﬂ  3	4	40	10	2	1	3	4	1	3	0	4	0	10	4	1	3	9	4	3	0	4	1	0	0	0
16	mir sind die Blauen inzwischen zu fies :(	Weiﬂ  1	4	39	10	4	1	3	9	4	3	0	2	0	10	4	1	3	9	4	3	0	2	0	0	0	0
16	wollen wir die anderen zu b ¸berreden ?	Weiﬂ  2	4	37	10	4	1	3	9	4	3	0	3	0	10	2	1	3	4	1	3	0	4	0	0	0	0
16	3 mal x	Weiﬂ  3	4	34	10	4	1	3	9	4	3	0	3	1	10	4	1	3	9	4	3	0	4	1	0	0	0
16	die blauen nehmen sowieso immer c	Weiﬂ  3	4	24	10	4	1	3	9	4	3	0	2	0	10	4	1	3	9	4	3	0	2	0	0	0	0
16	anl¸gen ist auch gemein	Weiﬂ  1	4	22	3	4	1	3	9	4	3	0	3	0	10	4	1	3	9	4	3	0	4	0	0	0	0
16	ehrlich die nhemen auch nicht immer c	Weiﬂ  2	4	12	10	4	1	3	9	4	3	0	1	0	10	4	1	3	9	4	3	0	1	0	0	0	0
16	vielleicht kˆnnen wir noch einen ¸berzeugen	Weiﬂ  3	4	9	10	4	1	3	9	4	3	0	1	0	9	4	1	3	9	4	3	0	1	0	0	0	0
16	bsuher ist es immer b gewesen bei mir	Weiﬂ  2	4	5	10	4	1	3	9	4	3	0	1	0	8	4	1	3	9	4	3	0	4	0	0	0	0
16	aber bei x w¸rden sie ja nicht f¸r uns w‰hlen?	Weiﬂ  1	4	1	10	4	1	3	9	4	3	0	2	1	10	4	1	3	9	4	3	0	2	0	0	0	0
17	y	Weiﬂ  1	1	59	1	4	1	3	9	4	3	0	4	0	1	4	1	3	9	4	3	0	4	0	0	0	0
17	y	Weiﬂ  3	1	56	1	4	1	3	9	4	3	0	4	0	1	4	1	3	9	4	3	0	4	0	0	0	0
17	y auch	Weiﬂ  2	1	54	1	4	1	3	9	4	3	0	4	0	1	4	1	3	9	4	3	0	4	0	0	0	0
17	b	Weiﬂ  1	1	48	10	2	1	3	4	1	3	0	4	0	10	2	1	3	4	1	3	0	4	0	0	0	0
17	A oder B 	Weiﬂ  2	1	48	10	4	1	3	9	4	3	0	4	0	10	4	1	3	9	4	3	0	4	0	0	0	0
17	ok	Weiﬂ  2	1	45	10	4	1	3	9	4	3	0	4	0	10	4	1	3	9	4	3	0	4	0	0	0	0
17	Die Blauen w‰hlen immer C, wir w‰hlen immer A.	Weiﬂ  3	1	35	10	4	1	3	2	4	3	0	4	0	10	4	1	3	2	1	3	0	2	0	0	0	0
17	a oder b	Weiﬂ  1	1	17	10	4	1	3	9	4	3	0	4	0	10	4	1	3	9	4	3	0	4	0	0	0	0
17	B 	Weiﬂ  2	1	4	10	2	1	3	4	1	3	0	4	0	10	2	1	3	4	1	3	0	4	0	0	0	0
17	y	Weiﬂ  1	2	60	1	4	1	3	9	4	3	0	4	0	1	4	1	3	9	4	3	0	4	0	0	0	0
17	x	Weiﬂ  2	2	59	1	4	1	3	9	4	3	0	4	0	1	4	1	3	9	4	3	0	4	0	0	0	0
17	Freunde, bei mir auch Y	Weiﬂ  3	2	55	1	4	1	3	9	4	3	0	4	0	1	4	1	3	9	4	3	0	4	0	0	0	0
17	b	Weiﬂ  1	2	50	10	2	1	3	4	1	3	0	4	0	10	2	1	3	4	1	3	0	4	0	0	0	0
17	b	Weiﬂ  2	2	48	10	2	1	3	4	1	3	0	4	0	10	2	1	3	4	1	3	0	4	0	0	0	0
17	Ja, aber lass mal denen sagen, es w‰r Situation X und wir w‰hlen A	Weiﬂ  3	2	38	10	4	1	3	9	4	3	0	4	1	10	4	1	3	9	4	3	0	3	1	0	0	0
17	wir m¸ssen nur die anderen ¸berreden	Weiﬂ  2	2	34	10	4	1	3	9	4	3	0	3	0	10	4	1	3	9	4	3	0	3	0	0	0	0
17	das funktioniert nich :(	Weiﬂ  3	2	26	10	4	1	3	9	4	3	0	3	0	10	4	1	3	9	4	3	0	4	0	0	0	0
17	ne das finde ich assi	Weiﬂ  2	2	23	10	4	1	3	9	4	3	0	3	0	10	4	1	3	9	4	3	0	4	0	0	0	0
17	und der Computer ist irgendwie echt immer f¸r die Blauen	Weiﬂ  3	2	18	8	4	1	3	9	4	3	0	3	0	8	4	1	3	9	4	3	0	4	0	0	0	0
17	Ja, ich eigentlich auch, aber ich hatte jetzt schon so oft 0 Punkte	Weiﬂ  3	2	6	10	4	1	3	9	4	1	0	3	1	8	4	1	3	9	4	3	0	4	0	0	0	0
17	x	Weiﬂ  1	3	59	1	4	1	3	9	4	3	0	4	0	1	4	1	3	9	4	3	0	4	0	0	0	0
17	Y	Weiﬂ  2	3	58	1	4	1	3	9	4	3	0	4	0	1	4	1	3	9	4	3	0	4	0	0	0	0
17	x	Weiﬂ  3	3	51	2	4	1	3	9	4	3	0	4	0	2	4	1	3	9	4	3	0	4	0	1	1	1
17	Dann A?	Weiﬂ  2	3	39	10	1	1	3	3	1	3	0	4	0	10	1	1	3	3	1	3	0	4	0	0	0	0
17	jep	Weiﬂ  3	3	35	10	4	1	3	9	4	3	0	4	0	10	4	1	3	9	4	3	0	4	0	0	0	0
17	ja	Weiﬂ  1	3	35	10	4	1	3	9	4	3	0	4	0	10	4	1	3	9	4	3	0	4	0	0	0	0
17	den blauen was sagen?	Weiﬂ  2	3	33	10	4	1	3	9	4	3	0	4	0	10	4	1	3	9	4	3	0	3	0	0	0	0
17	x	Weiﬂ  3	3	27	2	4	1	3	9	4	3	0	4	0	10	4	1	3	9	4	3	0	4	0	1	0	1
17	ok :)	Weiﬂ  2	3	18	10	4	1	3	9	4	3	0	4	0	10	4	1	3	9	4	3	0	4	0	0	0	0
17	oder haben wir 20 oder 10	Weiﬂ  3	3	17	10	4	1	3	9	4	3	0	4	0	8	4	2	3	9	4	1	0	4	0	0	0	0
17	wenn sie mitmachen	Weiﬂ  3	3	8	10	4	1	3	9	4	3	0	3	0	10	4	1	3	9	4	3	0	1	0	0	0	0
17	Y	Weiﬂ  1	4	59	1	4	1	3	9	4	3	0	4	0	1	4	1	3	9	4	3	0	4	0	0	0	0
17	Y	Weiﬂ  3	4	59	1	4	1	3	9	4	3	0	4	0	1	4	1	3	9	4	3	0	4	0	0	0	0
17	x	Weiﬂ  2	4	59	1	4	1	3	9	4	3	0	4	0	1	4	1	3	9	4	3	0	4	0	0	0	0
17	dann Y?	Weiﬂ  1	4	55	10	4	1	3	9	4	3	0	4	0	10	4	1	3	9	4	3	0	4	0	0	0	0
17	und B?	Weiﬂ  1	4	52	10	2	1	3	4	1	3	0	4	0	10	2	1	3	4	1	3	0	4	0	0	0	0
17	B	Weiﬂ  3	4	48	10	2	1	3	4	1	3	0	4	0	10	2	1	3	4	1	3	0	4	0	0	0	0
17	B	Weiﬂ  2	4	47	10	2	1	3	4	1	3	0	4	0	10	2	1	3	4	1	3	0	4	0	0	0	0
18	y	Weiﬂ  1	1	60	1	4	1	3	9	4	3	0	4	0	1	4	1	3	9	4	3	0	4	0	0	0	0
18	y	Weiﬂ  3	1	60	1	4	1	3	9	4	3	0	4	0	1	4	1	3	9	4	3	0	4	0	0	0	0
18	X	Weiﬂ  2	1	60	1	4	1	3	9	4	3	0	4	0	1	4	1	3	9	4	3	0	4	0	0	0	0
18	Lass sie uns zu b ¸berreden	Weiﬂ  3	1	49	10	2	1	3	4	1	3	0	4	0	10	2	1	3	4	1	3	0	3	0	0	0	0
18	B w‰hlen und blau nichts sagen?	Weiﬂ  1	1	47	10	2	1	3	4	1	3	0	3	0	10	4	1	3	9	4	3	0	4	0	0	0	0
18	:)	Weiﬂ  3	1	47	10	4	1	3	9	4	3	0	4	0	10	2	1	3	4	1	3	0	3	0	0	0	0
18	dann Y und B	Weiﬂ  2	1	46	10	2	1	3	4	2	3	0	4	0	10	2	1	3	8	2	3	0	4	0	0	0	0
18	oder ehrlich :)	Weiﬂ  1	1	39	10	4	1	3	9	4	3	0	4	0	10	4	1	3	9	4	3	0	4	0	0	0	0
18	Was meint ihr?	Weiﬂ  1	1	34	10	4	1	3	9	4	3	0	4	0	10	4	2	3	9	4	3	0	4	0	0	0	0
18	sagen	Weiﬂ  2	1	30	10	4	1	3	9	4	3	0	4	0	10	4	1	3	9	4	3	0	4	0	0	0	0
18	ehrlich	Weiﬂ  3	1	28	10	4	1	3	9	4	3	0	4	0	10	4	1	3	9	4	3	0	4	0	0	0	0
18	ok alles klar	Weiﬂ  1	1	23	10	4	1	3	9	4	3	0	4	0	10	4	1	3	9	4	3	0	4	0	0	0	0
18	:)	Weiﬂ  3	1	8	10	4	1	3	9	4	3	0	4	0	10	4	1	3	9	4	3	0	4	0	0	0	0
18	y	Weiﬂ  3	2	60	1	4	1	3	9	4	3	0	4	0	1	4	1	3	9	4	3	0	4	0	0	0	0
18	y	Weiﬂ  2	2	60	1	4	1	3	9	4	3	0	4	0	1	4	1	3	9	4	3	0	4	0	0	0	0
18	Y	Weiﬂ  1	2	58	1	4	1	3	9	4	3	0	4	0	1	4	1	3	9	4	3	0	4	0	0	0	0
18	B	Weiﬂ  2	2	53	10	2	1	3	4	1	3	0	4	0	10	2	1	3	4	1	3	0	4	0	0	0	0
18	B	Weiﬂ  1	2	52	10	2	1	3	4	1	3	0	4	0	10	2	1	3	4	1	3	0	4	0	0	0	0
18	b	Weiﬂ  3	2	51	10	2	1	3	4	1	3	0	4	0	10	2	1	3	4	1	3	0	4	0	0	0	0
18	y	Weiﬂ  2	3	60	1	4	1	3	9	4	3	0	4	0	1	4	1	3	9	4	3	0	4	0	0	0	0
18	x	Weiﬂ  3	3	57	1	4	1	3	9	4	3	0	4	0	1	4	1	3	9	4	3	0	4	0	0	0	0
18	Hey, x bei mir	Weiﬂ  1	3	57	1	4	1	3	9	4	3	0	4	0	1	4	1	3	9	4	3	0	4	0	0	0	0
18	dann a	Weiﬂ  2	3	49	10	1	1	3	3	1	3	0	4	0	10	1	1	3	3	1	3	0	4	0	0	0	0
18	ok 	Weiﬂ  3	3	46	10	4	1	3	9	4	3	0	4	0	10	4	1	3	9	4	3	0	4	0	0	0	0
18	Ja, dann A	Weiﬂ  1	3	46	10	1	1	3	3	1	3	0	4	0	10	1	1	3	3	1	3	0	4	0	0	0	0
18	dann 	Weiﬂ  3	3	44	10	4	1	3	9	4	3	0	4	0	10	4	1	3	9	4	3	0	4	0	0	0	0
18	A	Weiﬂ  3	3	40	10	1	1	3	3	1	3	0	4	0	10	1	1	3	3	1	3	0	4	0	0	0	0
18	y	Weiﬂ  3	4	60	1	4	1	3	9	4	3	0	4	0	1	4	1	3	9	4	3	0	4	0	0	0	0
18	y	Weiﬂ  2	4	58	1	4	1	3	9	4	3	0	4	0	1	4	1	3	9	4	3	0	4	0	0	0	0
18	x	Weiﬂ  1	4	57	1	4	1	3	9	4	3	0	4	0	1	4	1	3	9	4	3	0	4	0	0	0	0
18	b	Weiﬂ  1	4	53	10	2	1	3	4	1	3	0	4	0	10	2	1	3	4	1	3	0	4	0	0	0	0
18	A	Weiﬂ  2	4	51	10	1	1	3	3	1	3	0	4	0	10	1	1	3	3	1	3	0	4	0	0	0	0
18	b	Weiﬂ  3	4	50	10	2	1	3	4	1	3	0	4	0	10	2	1	3	4	1	3	0	4	0	0	0	0
18	b	Weiﬂ  1	4	46	10	2	1	3	4	1	3	0	4	0	10	2	1	3	4	1	3	0	4	0	0	0	0
18	Ahnmaaa	Weiﬂ  2	4	41	10	1	1	3	3	1	3	0	4	0	10	1	1	3	3	1	3	0	4	0	0	0	0
18	A	Weiﬂ  2	4	10	10	1	1	3	3	1	3	0	4	0	10	1	1	3	3	1	3	0	4	0	0	0	0
18	bbbb	Weiﬂ  1	4	6	10	2	1	3	4	1	3	0	4	0	10	2	1	3	4	1	3	0	4	0	0	0	0
18	aaaaaaaaaaaaaaaa	Weiﬂ  2	4	3	10	1	1	3	3	1	3	0	4	0	10	1	1	3	3	1	3	0	4	0	0	0	0
19	x	Weiﬂ  2	1	60	1	4	1	3	9	4	3	0	4	0	1	4	1	3	9	4	3	0	4	0	0	0	0
19	y	Weiﬂ  3	1	59	1	4	1	3	9	4	3	0	4	0	1	4	1	3	9	4	3	0	4	0	0	0	0
19	y	Weiﬂ  1	1	59	1	4	1	3	9	4	3	0	4	0	1	4	1	3	9	4	3	0	4	0	0	0	0
19	A	Weiﬂ  3	1	56	10	1	1	3	3	1	3	0	4	0	10	1	1	3	3	1	3	0	4	0	0	0	0
19	a	Weiﬂ  1	1	54	10	1	1	3	3	1	3	0	4	0	10	1	1	3	3	1	3	0	4	0	0	0	0
19	A	Weiﬂ  2	1	53	10	1	1	3	3	1	3	0	4	0	10	1	1	3	3	1	3	0	4	0	0	0	0
19	endlich welche die es verstanden haben	Weiﬂ  3	1	39	10	4	1	3	9	4	3	0	4	0	10	4	1	1	9	4	3	0	4	0	0	0	0
19	Y	Weiﬂ  2	2	59	1	4	1	3	9	4	3	0	4	0	1	4	1	3	9	4	3	0	4	0	0	0	0
19	y	Weiﬂ  1	2	57	1	4	1	3	9	4	3	0	4	0	1	4	1	3	9	4	3	0	4	0	0	0	0
19	Y	Weiﬂ  3	2	52	1	4	1	3	9	4	3	0	4	0	10	2	1	3	4	1	3	0	4	0	0	0	0
19	b	Weiﬂ  1	2	52	10	2	1	3	4	1	3	0	4	0	1	4	1	3	9	4	3	0	4	0	0	0	0
19	B	Weiﬂ  3	2	50	10	2	1	3	4	1	3	0	4	0	10	2	1	3	4	1	3	0	4	0	0	0	0
19	alle Y?	Weiﬂ  2	2	46	10	4	1	3	9	4	3	0	4	0	10	4	2	3	9	4	3	0	4	0	0	0	0
19	b	Weiﬂ  1	2	41	10	2	1	3	4	1	3	0	4	0	10	2	1	3	4	1	3	0	4	0	0	0	0
19	lasst uns was verr¸cktes machen und C w‰hlen damit die blauen froh sind? :)	Weiﬂ  2	2	26	3	3	1	3	5	1	3	0	4	0	10	3	2	3	5	1	3	0	1	0	0	0	0
19	y	Weiﬂ  2	3	59	1	4	1	3	9	4	3	0	4	0	1	4	1	3	9	4	3	0	4	0	0	0	0
19	X	Weiﬂ  3	3	58	1	4	1	3	9	4	3	0	4	0	1	4	1	3	9	4	3	0	4	0	0	0	0
19	bei mir auch y	Weiﬂ  1	3	54	1	4	1	3	9	4	3	0	4	0	1	4	1	3	9	4	3	0	4	0	0	0	0
19	Dann b?	Weiﬂ  3	3	49	10	2	1	3	4	1	3	0	4	0	10	2	1	3	4	1	3	0	4	0	0	0	0
19	dann schlagen wir b vor ? :)	Weiﬂ  2	3	44	10	2	1	3	4	1	3	0	4	0	10	2	1	3	4	1	3	0	4	0	0	0	0
19	klingt gut :)	Weiﬂ  3	3	38	10	2	1	3	4	1	3	0	4	0	10	4	1	1	9	4	3	0	4	0	0	0	0
19	okay, meint ihr, da machen die Blauen mit?	Weiﬂ  1	3	30	10	4	1	3	9	4	3	0	3	0	10	4	2	3	9	4	3	0	3	0	0	0	0
19	ich hoffe	Weiﬂ  2	3	23	10	4	1	3	9	4	3	0	1	0	9	4	1	3	9	4	3	0	4	0	0	0	0
19	hat bisher bei mir aber immer geklappt	Weiﬂ  2	3	15	10	4	1	3	9	4	3	0	1	0	7	4	1	3	9	4	3	0	4	0	0	0	0
19	naja ist fair von uns und ansonsten entscheidet der Computer	Weiﬂ  3	3	14	10	4	1	3	9	4	3	0	3	0	8	4	2	3	9	4	3	0	4	0	0	0	0
19	w‰hlen sonst eh C	Weiﬂ  3	3	9	10	4	1	3	9	4	3	0	2	0	10	4	1	3	9	4	3	0	2	0	0	0	0
19	Bisher hat der Computer noch niiiie zum Vorteil von weiﬂ entschieden :D	Weiﬂ  1	3	9	7	4	1	3	9	4	3	0	3	0	8	4	1	3	9	4	3	0	4	0	0	0	0
19	besser als verarschen 	Weiﬂ  2	3	6	3	4	1	3	9	4	3	0	3	0	10	4	1	2	9	4	3	0	4	0	0	0	0
19	x	Weiﬂ  2	4	60	1	4	1	3	9	4	3	0	4	0	1	4	1	3	9	4	3	0	4	0	0	0	0
19	y	Weiﬂ  3	4	59	1	4	1	3	9	4	3	0	4	0	1	4	1	3	9	4	3	0	4	0	0	0	0
19	x	Weiﬂ  1	4	59	1	4	1	3	9	4	3	0	4	0	1	4	1	3	9	4	3	0	4	0	0	0	0
19		Weiﬂ  1	4	58																		1			0	0	0
19	a	Weiﬂ  1	4	51	10	1	1	3	3	1	3	0	4	0	10	1	1	3	3	1	3	0	4	0	0	0	0
19	a	Weiﬂ  2	4	48	10	1	1	3	3	1	3	0	4	0	10	1	1	3	3	1	3	0	4	0	0	0	0
19	a	Weiﬂ  3	4	46	10	1	1	3	3	1	3	0	4	0	10	1	1	3	3	1	3	0	4	0	0	0	0
20	X	Weiﬂ  3	1	60	1	4	1	3	9	4	3	0	4	0	1	4	1	3	9	4	3	0	4	0	0	0	0
20	x	Weiﬂ  1	1	59	1	4	1	3	9	4	3	0	4	0	1	4	1	3	9	4	3	0	4	0	0	0	0
20	letzte Rundee :) ja, bei mir auch	Weiﬂ  2	1	55	10	4	1	3	9	4	3	0	4	0	1	4	1	3	9	4	3	0	4	0	0	0	0
20	dann A?	Weiﬂ  2	1	52	10	1	1	3	3	1	3	0	4	0	10	1	1	3	3	1	3	0	4	0	0	0	0
20	Na dann A	Weiﬂ  3	1	51	10	1	1	3	3	1	3	0	4	0	10	1	1	3	3	1	3	0	4	0	0	0	0
20	:)	Weiﬂ  3	1	49	10	4	1	3	9	4	3	0	4	0	10	4	1	3	9	4	3	0	4	0	0	0	0
20	A	Weiﬂ  1	1	48	10	1	1	3	3	1	3	0	4	0	10	1	1	3	3	1	3	0	4	0	0	0	0
20	wuhuu :)	Weiﬂ  2	1	41	10	4	1	3	9	4	3	0	4	0	10	4	1	3	9	4	3	0	4	0	0	0	0
20	x	Weiﬂ  3	2	59	1	4	1	3	9	4	3	0	4	0	1	4	1	3	9	4	3	0	4	0	0	0	0
20	x	Weiﬂ  2	2	59	1	4	1	3	9	4	3	0	4	0	1	4	1	3	9	4	3	0	4	0	0	0	0
20	sowieso A	Weiﬂ  2	2	51	10	1	1	3	3	1	3	0	4	0	10	1	1	3	3	1	3	0	4	0	0	0	0
20	ja	Weiﬂ  3	2	42	10	4	1	3	9	4	3	0	4	0	10	4	1	3	9	4	3	0	4	0	0	0	0
20	x	Weiﬂ  2	3	59	1	4	1	3	9	4	3	0	4	0	1	4	1	3	9	4	3	0	4	0	0	0	0
20	X	Weiﬂ  1	3	59	1	4	1	3	9	4	3	0	4	0	1	4	1	3	9	4	3	0	4	0	0	0	0
20	Y	Weiﬂ  3	3	57	1	4	1	3	9	4	3	0	4	0	1	4	1	3	9	4	3	0	4	0	0	0	0
20	pouahhhhh	Weiﬂ  2	3	53	10	4	1	3	9	4	3	0	4	0	10	4	1	3	9	4	3	0	4	0	0	0	0
20	A	Weiﬂ  2	3	52	10	1	1	3	3	1	3	0	4	0	10	1	1	3	3	1	3	0	4	0	0	0	0
20	dann X und A?	Weiﬂ  3	3	51	10	1	1	3	3	1	3	0	4	0	10	1	1	3	8	2	3	0	4	0	0	0	0
20	A	Weiﬂ  1	3	49	10	1	1	3	3	1	3	0	4	0	10	1	1	3	3	1	3	0	4	0	0	0	0
20	vertraue euch	Weiﬂ  3	3	46	10	4	1	3	9	4	3	0	4	0	6	4	2	3	9	4	3	0	4	0	0	0	0
20	AAA	Weiﬂ  2	3	43	10	1	1	3	3	1	3	0	4	0	10	1	1	3	3	1	3	0	4	0	0	0	0
20	mehrheit x :)	Weiﬂ  3	3	31	10	4	1	3	9	4	3	0	4	0	10	4	1	3	9	4	3	0	4	0	0	0	0
20	inchallah	Weiﬂ  2	3	30	10	4	1	3	9	4	3	0	4	0	10	4	1	3	9	4	3	0	4	0	0	0	0
20	:)	Weiﬂ  3	3	24	10	4	1	3	9	4	3	0	4	0	10	4	1	3	9	4	3	0	4	0	0	0	0
20	x	Weiﬂ  2	4	60	1	4	1	3	9	4	3	0	4	0	1	4	1	3	9	4	3	0	4	0	0	0	0
20	x	Weiﬂ  3	4	60	1	4	1	3	9	4	3	0	4	0	1	4	1	3	9	4	3	0	4	0	0	0	0
20	x	Weiﬂ  1	4	58	1	4	1	3	9	4	3	0	4	0	1	4	1	3	9	4	3	0	4	0	0	0	0
20	a	Weiﬂ  3	4	55	10	1	1	3	3	1	3	0	4	0	10	1	1	3	3	1	3	0	4	0	0	0	0
20	a	Weiﬂ  2	4	55	10	1	1	3	3	1	3	0	4	0	10	1	1	3	3	1	3	0	4	0	0	0	0
20	a	Weiﬂ  1	4	53	10	1	1	3	3	1	3	0	4	0	10	1	1	3	3	1	3	0	4	0	0	0	0
20	letzte runde !!!!!!!!!!!!!!!!!!!!!!!!!!!!!!!!!!!!!!!!!!!!!!!!!!!!!!!!!!!!!!!!!!!!!!!!!!!!!!!!!!!!!!!!!!!!!!!!!!!!!!!!!!!!!!!!!!!!!!!!!!!!!!!!!!!!!!!!!!!!!!!!!!!!!!!!!!!!!!!!!!!!!!!!!!!!!!!!!!!!!!!!!!!!!!!!!!!	Weiﬂ  1	4	23	10	4	1	3	9	4	3	0	4	0	8	4	1	3	9	4	3	0	4	0	0	0	0
20	gleichgibts geld	Weiﬂ  2	4	7	10	4	1	3	9	4	3	0	4	0	8	4	1	3	9	4	3	0	4	0	0	0	0
20	juhuuu	Weiﬂ  1	4	3	10	4	1	3	9	4	3	0	4	0	10	4	1	3	9	4	3	0	4	0	0	0	0
