Period	chat	PlayerName	GroupPlay	TimeInfoPayoffStructureChatMessage	Dimension1_C	Dimension2_C	Dimension3_C	Dimension4_C	Dimension5_C	Dimension6_C	Dimension7_C	Dimension8_C	Dimension9_C	Dimension10_C	Dimension1_H	Dimension2_H	Dimension3_H	Dimension4_H	Dimension5_H	Dimension6_H	Dimension7_H	Dimension8_H	Dimension9_H	Dimension10_H	lie_c	lie_h	lie	rep_maj_sig_Y
1	@Blau: Info war 3 mal X	Weiﬂ  2	2	34	1	4	3	3	9	4	3	0	4	0	1	4	2	3	9	4	3	0	4	0	0	0	0	0
1	sitution x wurde f¸r alle angeziegt	Weiﬂ  3	3	48	1	4	1	3	9	4	3	0	4	0	1	4	1	3	9	4	3	0	4	0	0	0	0	0
1	der computer hat uns situation x angezeigt	Weiﬂ  2	3	47	1	4	1	3	9	4	3	0	4	0	1	4	1	3	9	4	3	0	4	0	0	0	0	0
1	wir dachten an a	Weiﬂ  2	3	40	10	1	1	3	3	1	3	0	4	0	10	1	1	3	3	1	3	0	4	0	0	0	0	.
1	3*x	Weiﬂ  1	3	39	1	4	1	3	9	4	3	0	4	0	1	4	1	3	9	4	3	0	4	0	0	0	0	0
1	genau	Weiﬂ  2	3	33	10	4	1	3	9	4	3	0	4	0	10	4	1	1	9	4	3	0	4	0	0	0	0	0
1	alternative a	Weiﬂ  2	3	25	10	1	1	3	3	1	3	0	4	0	10	1	1	3	3	1	3	0	4	0	0	0	0	.
1	Alternative A	Weiﬂ  3	4	50	10	1	1	3	3	1	3	0	4	0	10	1	1	3	3	1	3	0	4	0	0	0	0	.
1	Wir haben uns f¸r Alternative A	Weiﬂ  1	4	47	10	1	1	3	3	1	3	0	4	0	10	1	1	3	3	1	3	0	4	0	0	0	0	.
1	ja	Weiﬂ  2	4	41	10	4	1	3	9	4	3	0	4	0	10	4	1	3	9	4	3	0	4	0	0	0	0	.
1	dadurch gewinnen alle, blau und weiﬂ	Weiﬂ  1	4	19	3	1	1	3	3	1	2	0	3	0	3	4	1	3	9	4	3	0	4	0	0	0	0	.
2	2*sitution x einmal y	Weiﬂ  2	1	40	1	4	1	3	9	4	3	0	4	0	1	4	1	3	9	4	3	0	4	0	0	0	0	0
2	3 mal x	Weiﬂ  1	2	57	1	4	1	3	9	4	3	0	4	0	1	4	1	3	9	4	3	0	4	0	0	0	0	0
2	wir stimmen f¸r a	Weiﬂ  1	2	51	10	1	1	3	3	1	3	0	4	0	10	1	1	3	3	1	3	0	4	0	0	0	0	.
2	also wir stimmen f¸r a	Weiﬂ  2	2	47	10	1	1	3	3	1	3	0	4	0	10	1	1	3	3	1	3	0	4	0	0	0	0	.
2	Alternative A	Weiﬂ  1	3	35	10	1	1	3	3	1	3	0	4	0	10	1	1	3	3	1	3	0	4	0	0	0	0	.
2	optimum: Alternative A	Weiﬂ  3	3	30	3	1	1	3	3	1	2	0	3	0	10	1	1	3	3	1	3	0	4	0	0	0	0	.
2	Situation X, stimmt alle f¸r A	Weiﬂ  2	4	45	2	1	1	3	3	1	3	0	4	0	10	1	1	3	8	2	3	0	4	0	1	0	0	0
3	2*y	Weiﬂ  1	1	23	1	4	1	3	9	4	3	0	4	0	1	4	1	3	9	4	3	0	4	0	0	0	0	1
3	Alternative A	Weiﬂ  2	1	15	10	1	1	3	3	1	3	0	4	0	10	1	1	3	3	1	3	0	4	0	0	0	0	.
3	1*x	Weiﬂ  1	1	10	1	4	1	3	9	4	3	0	4	0	1	4	1	3	9	4	3	0	4	0	0	0	0	.
3	X, also A	Weiﬂ  3	1	3	10	1	1	3	3	1	3	0	4	0	10	1	1	3	8	2	3	0	4	0	0	0	0	.
3	x	Weiﬂ  3	2	59	1	4	1	3	9	4	3	0	4	0	1	4	1	3	9	4	3	0	4	0	0	0	0	0
3	a	Weiﬂ  3	2	56	10	1	1	3	3	1	3	0	4	0	10	1	1	3	3	1	3	0	4	0	0	0	0	.
3	und A	Weiﬂ  1	2	55	10	1	1	3	3	1	3	0	4	0	10	1	1	3	3	1	3	0	4	0	0	0	0	.
3	wieder 3 mal x	Weiﬂ  3	2	40	1	4	1	3	9	4	3	0	4	0	1	4	1	3	9	4	3	0	4	0	0	0	0	0
3	Situation X, alle A w‰hlen	Weiﬂ  3	3	54	1	1	1	3	3	1	3	0	4	0	10	1	1	3	8	2	3	0	4	0	0	0	0	0
3	3*Situation X	Weiﬂ  2	4	45	1	4	1	3	9	4	3	0	4	0	1	4	1	3	9	4	3	0	4	0	0	0	0	0
3	Info ist 3 mal X	Weiﬂ  1	4	44	1	4	1	3	9	4	3	0	4	0	1	4	1	3	9	4	3	0	4	0	0	0	0	0
3	Situation X, Alternative A	Weiﬂ  3	4	42	10	1	1	3	3	1	3	0	4	0	10	1	1	3	8	2	3	0	4	0	0	0	0	0
4	b	Weiﬂ  1	1	60	10	2	1	3	4	1	3	0	4	0	10	2	1	3	4	1	3	0	4	0	0	0	0	.
4	Situation X, stimmt f¸r A	Weiﬂ  2	1	49	2	1	1	3	3	1	3	0	4	0	10	1	1	3	8	2	3	0	4	0	1	0	1	0
4	Quatsch! Sitaution X	Weiﬂ  1	1	45	2	4	1	3	9	4	3	0	4	0	2	4	1	2	9	4	3	0	4	0	1	1	1	0
4	Situation Y	Weiﬂ  1	2	50	1	4	1	3	9	4	3	0	4	0	1	4	1	3	9	4	3	0	4	0	0	0	0	.
4	Situation X	Weiﬂ  3	2	31	2	4	1	3	9	4	3	0	4	0	1	4	1	3	9	4	3	0	4	0	1	0	0	0
4	Alternative A	Weiﬂ  3	2	20	10	1	1	3	3	1	3	0	4	0	10	1	1	3	3	1	3	0	4	0	0	0	0	.
4	situation x	Weiﬂ  2	2	18	2	4	1	3	9	4	3	0	4	0	2	4	1	3	9	4	3	0	4	0	1	1	1	0
4	wir hatten an a gedacht	Weiﬂ  1	3	15	10	1	1	3	3	1	3	0	4	0	10	1	1	3	3	1	3	0	4	0	0	0	0	.
4	2*x 1*y	Weiﬂ  2	3	1	1	4	1	3	9	4	3	0	4	0	2	4	1	3	9	4	3	0	4	0	0	1	1	0
4	situation Y, alternative B	Weiﬂ  3	4	46	1	2	1	3	4	2	3	0	4	0	10	2	1	3	8	2	3	0	4	0	0	0	0	1
4	-.-	Weiﬂ  1	4	30				3				1			10	4	1	3	9	4	3	0	4	0	0	0	0	.
5	x	Weiﬂ  2	1	59	2	4	1	3	9	4	3	0	4	0	2	4	1	3	9	4	3	0	4	0	1	1	1	0
5	also a	Weiﬂ  2	1	52	10	1	1	3	3	1	3	0	4	0	10	1	1	3	3	1	3	0	4	0	0	0	0	.
5	X	Weiﬂ  3	2	54	2	4	1	3	9	4	3	0	4	0	2	4	1	3	9	4	3	0	4	0	1	1	1	0
5	X	Weiﬂ  2	2	50	2	4	1	3	9	4	3	0	4	0	2	4	1	3	9	4	3	0	4	0	1	1	1	0
5	Alternative A!	Weiﬂ  3	2	35	10	1	1	3	3	1	3	0	4	0	10	1	1	3	3	1	3	0	4	0	0	0	0	.
5	Situation Y, Alternative B	Weiﬂ  2	3	48	1	2	1	3	4	2	3	0	4	0	10	2	1	3	8	2	3	0	4	0	0	0	0	1
5	2*x 1*y als Info	Weiﬂ  2	4	48	1	4	1	3	9	4	3	0	4	0	2	4	1	3	9	4	3	0	4	0	0	1	1	0
5	eher a	Weiﬂ  3	4	37	10	1	1	3	3	1	3	0	4	0	10	1	1	3	3	1	3	0	4	0	0	0	0	.
6	X	Weiﬂ  2	1	59	1	4	1	3	9	4	3	0	4	0	2	4	1	3	9	4	3	0	4	0	0	1	1	0
6	drei mal	Weiﬂ  2	1	55	2	4	1	3	9	4	3	0	4	0	2	4	1	3	9	4	3	0	4	0	1	1	1	0
6	x	Weiﬂ  1	1	53	1	4	1	3	9	4	3	0	4	0	2	4	1	3	9	4	3	0	4	0	0	1	1	.
6	sodass a	Weiﬂ  2	1	52	10	1	1	3	3	1	3	0	4	0	10	1	1	3	3	1	3	0	4	0	0	0	0	0
6	3 mal x	Weiﬂ  2	2	58	1	4	1	3	9	4	3	0	4	0	1	4	1	3	9	4	3	0	4	0	0	0	0	0
6	a	Weiﬂ  2	2	48	10	1	1	3	3	1	3	0	4	0	10	1	1	3	3	1	3	0	4	0	0	0	0	.
6	3x X	Weiﬂ  3	3	56	1	4	1	3	9	4	3	0	4	0	1	4	1	3	9	4	3	0	4	0	0	0	0	0
6	3*x	Weiﬂ  1	3	54	1	4	1	3	9	4	3	0	4	0	1	4	1	3	9	4	3	0	4	0	0	0	0	0
6	wir dachten an a	Weiﬂ  2	3	48	10	1	1	3	3	1	3	0	4	0	10	1	1	3	3	1	3	0	4	0	0	0	0	.
6	Wirklich!	Weiﬂ  3	3	47	10	4	1	3	9	4	3	0	4	0	10	4	1	3	9	4	3	0	4	0	0	0	0	.
6	Situation X	Weiﬂ  1	4	55	1	4	1	3	9	4	3	0	4	0	1	4	1	3	9	4	3	0	4	0	0	0	0	0
6	alle f¸r A stimmen	Weiﬂ  2	4	48	10	1	1	3	3	1	3	0	4	0	10	1	1	3	3	1	3	0	4	0	0	0	0	.
6		Weiﬂ  2	4	48				3				1										1			0	0	0	.
6		Weiﬂ  1	4	40				3				1										1			0	0	0	.
6		Weiﬂ  2	4	39				3				1										1			0	0	0	.
6	ja denke ist das best	Weiﬂ  3	4	36	10	4	1	3	9	4	3	0	4	0	10	4	1	3	9	4	3	0	4	0	0	0	0	.
6	e	Weiﬂ  3	4	34	10	4	1	3	9	4	3	0	4	0	10	4	1	3	9	4	3	0	4	0	0	0	0	.
6		Weiﬂ  2	4	26				3				1										1			0	0	0	0
7	Situation X, alle A w‰hlen	Weiﬂ  1	1	55	2	4	1	3	9	4	3	0	4	0	2	1	1	3	8	2	3	0	4	0	1	1	1	0
7	3*x	Weiﬂ  3	2	57	2	4	1	3	9	4	3	0	4	0	2	4	1	3	9	4	3	0	4	0	1	1	1	0
7	Y, B	Weiﬂ  1	3	53	1	4	1	3	9	4	3	0	4	0	10	2	1	3	8	2	3	0	4	0	0	0	0	1
7	X	Weiﬂ  3	4	56	2	4	1	3	9	4	3	0	4	0	2	4	1	3	9	4	3	0	4	0	1	1	1	0
7	drei mal	Weiﬂ  3	4	53	2	4	1	3	9	4	3	0	4	0	2	4	1	3	9	4	3	0	4	0	1	1	1	0
7	sodass A	Weiﬂ  3	4	51	10	1	1	3	3	1	3	0	4	0	10	1	1	3	3	1	3	0	4	0	0	0	0	.
7	meisten sinn macht	Weiﬂ  3	4	43	10	4	1	3	9	4	3	0	4	0	10	4	1	3	9	4	3	0	4	0	0	0	0	.
7	genau	Weiﬂ  2	4	28	10	4	1	3	9	4	3	0	4	0	10	4	1	1	9	4	3	0	4	0	0	0	0	.
8	Situation X, alle A w‰hlen	Weiﬂ  3	1	55	2	4	1	3	9	4	3	0	4	0	10	1	1	3	8	2	3	0	4	0	1	0	1	0
8	3 * Y 	Weiﬂ  2	2	57	1	4	1	3	9	4	3	0	4	0	1	4	1	3	9	4	3	0	4	0	0	0	0	1
8	3*y	Weiﬂ  1	2	54	1	4	1	3	9	4	3	0	4	0	1	4	1	3	9	4	3	0	4	0	0	0	0	1
8	wir pl‰dieren f¸r B, da wir ehrlich sind :)	Weiﬂ  2	2	47	6	2	1	3	4	2	3	0	4	0	10	2	1	3	4	1	3	0	4	0	0	0	0	.
8	3 mal x	Weiﬂ  2	3	49	2	4	1	3	9	4	3	0	4	0	2	4	1	3	9	4	3	0	4	0	1	1	1	0
8	wir nehmen a	Weiﬂ  2	3	30	10	1	1	3	3	1	3	0	4	0	10	1	1	3	3	1	3	0	4	0	0	0	0	.
8	Situation X	Weiﬂ  2	4	56	2	4	1	3	9	4	3	0	4	0	2	4	1	3	9	4	3	0	4	0	1	1	1	0
8	bei allen	Weiﬂ  2	4	52	2	4	1	3	9	4	3	0	4	0	2	4	1	3	9	4	3	0	4	0	1	1	1	.
8	epfehlen A	Weiﬂ  2	4	46	10	1	1	3	3	1	3	0	4	0	10	1	1	3	3	1	3	0	4	0	0	0	0	.
8	empfehlen	Weiﬂ  2	4	42	10	1	1	3	3	1	3	0	4	0	10	4	1	3	9	4	3	0	4	0	0	0	0	.
9	situation x 	Weiﬂ  3	1	58	1	1	1	3	3	1	3	0	4	0	1	4	1	3	9	4	3	0	4	0	0	0	0	0
9	Es war 3 * x	Weiﬂ  2	1	53	1	1	1	3	3	1	3	0	4	0	1	4	1	3	9	4	3	0	4	0	0	0	0	0
9	w‰hlen alle a	Weiﬂ  3	1	50	10	1	1	3	3	1	3	0	4	0	10	1	1	3	3	1	3	0	4	0	0	0	0	.
9	Wir stimmen f¸r A	Weiﬂ  2	1	48	10	1	1	3	3	1	3	0	4	0	10	1	1	3	3	1	3	0	4	0	0	0	0	.
9	3*x	Weiﬂ  2	2	59	1	1	1	3	3	1	3	0	4	0	1	4	1	3	9	4	3	0	4	0	0	0	0	0
9	x	Weiﬂ  3	2	59	10	1	1	3	3	1	3	0	4	0	1	4	1	3	9	4	3	0	4	0	0	0	0	0
9	Situation X, alle A w‰hlen	Weiﬂ  3	3	54	1	1	1	3	3	1	3	0	4	0	10	1	1	3	8	2	3	0	4	0	0	0	0	0
9	X, A	Weiﬂ  2	3	54	1	1	1	3	3	1	3	0	4	0	10	1	1	3	8	2	3	0	4	0	0	0	0	0
9	A w‰hlen!	Weiﬂ  1	3	46	10	1	1	3	3	1	3	0	4	0	10	1	1	3	3	1	3	0	4	0	0	0	0	.
9	Situation X	Weiﬂ  1	4	55	1	1	1	3	3	1	3	0	4	0	1	4	1	3	9	4	3	0	4	0	0	0	0	0
9	X, stimmtt A	Weiﬂ  2	4	54	1	1	1	3	3	1	3	0	4	0	10	1	1	3	8	2	3	0	4	0	0	0	0	0
9	A bitte!	Weiﬂ  1	4	48	10	1	1	3	3	1	3	0	4	0	10	1	1	3	3	1	3	0	4	0	0	0	0	.
10	3 mal x und wir stimmen f¸r a	Weiﬂ  2	2	42	2	4	1	3	9	4	3	0	4	0	2	4	1	3	9	4	3	0	4	0	1	1	1	0
10	Bergfest, Prost	Weiﬂ  3	2	12				3				1										1			0	0	0	.
10	2x X,. 1xy	Weiﬂ  1	3	54	1	4	1	3	9	4	3	0	4	0	1	4	1	3	9	4	3	0	4	0	0	0	0	0
10	X, also f¸r A stimmen	Weiﬂ  2	3	42	1	1	1	3	3	1	3	0	4	0	1	1	1	3	8	2	3	0	4	0	0	0	0	0
10	X und A	Weiﬂ  1	4	54	1	1	1	3	3	1	3	0	4	0	1	1	1	3	8	2	3	0	4	0	0	0	0	0
10	Situation X -> A w‰hlen	Weiﬂ  2	4	46	1	1	1	3	3	1	3	0	4	0	1	1	1	3	8	2	3	0	4	0	0	0	0	0
10	gut machen wir so	Weiﬂ  1	4	38	10	1	1	3	3	1	3	0	4	0	10	4	1	3	9	4	3	0	4	0	0	0	0	.
11	3x X	Weiﬂ  2	1	39	2	4	1	3	9	4	3	0	4	0	2	4	1	3	9	4	3	0	4	0	1	1	1	0
11	wir nehmen A	Weiﬂ  2	1	36	10	1	1	3	3	1	3	0	4	0	1	1	1	3	3	1	3	0	4	0	0	0	0	.
11	bevor keiner was schreibt 	Weiﬂ  2	1	28				3				1			10	4	1	3	9	4	3	0	4	0	0	0	0	.
11	jaa :D	Weiﬂ  3	1	19				3				1			10	4	1	3	9	4	3	0	4	0	0	0	0	.
11	die leute werden tippfaul	Weiﬂ  2	1	10				3				1			10	4	1	3	9	4	3	0	4	0	0	0	0	.
11	und m¸de	Weiﬂ  3	1	2				3				1			10	4	1	3	9	4	3	0	4	0	0	0	0	.
11	x x x	Weiﬂ  2	2	57	2	4	1	3	9	4	3	0	4	0	2	4	1	3	9	4	3	0	4	0	1	1	1	0
11	X -> A	Weiﬂ  1	3	53	1	1	1	3	3	1	3	0	4	0	10	1	1	3	8	2	3	0	4	0	0	0	0	0
11	3x	Weiﬂ  1	3	49	1	1	1	3	3	1	3	0	4	0	1	4	1	3	9	4	3	0	4	0	0	0	0	0
11	x also a w‰hlen	Weiﬂ  3	3	26	1	1	1	3	3	1	3	0	4	0	10	1	1	3	8	2	3	0	4	0	0	0	0	0
11	3 mal x	Weiﬂ  2	4	58	1	1	1	3	3	1	3	0	4	0	1	4	1	3	9	4	3	0	4	0	0	0	0	0
11	3 mal x	Weiﬂ  1	4	57	1	1	1	3	3	1	3	0	4	0	1	4	1	3	9	4	3	0	4	0	0	0	0	0
11	alternative A	Weiﬂ  3	4	49	1	1	1	3	3	1	3	0	4	0	10	1	1	3	3	1	3	0	4	0	0	0	0	.
12	3 mal x	Weiﬂ  2	1	55	2	4	1	3	9	4	3	0	4	0	2	4	1	3	9	4	3	0	4	0	1	1	1	0
12	haben alle x	Weiﬂ  1	1	49	2	4	1	3	9	4	3	0	4	0	2	4	1	3	9	4	3	0	4	0	1	1	1	0
12	wir stimmen f¸r a	Weiﬂ  2	1	44	10	1	1	3	3	1	3	0	4	0	10	1	1	3	3	1	3	0	4	0	0	0	0	.
12	und w¸rden euch A empfehlen	Weiﬂ  1	1	42	10	1	1	3	3	1	3	0	4	0	10	1	3	3	3	1	3	0	4	0	0	0	0	.
12	situation X bei uns!	Weiﬂ  3	2	27	1	4	1	3	9	4	3	0	4	0	1	4	1	3	9	4	3	0	4	0	0	0	0	0
12	keiner will mehr schreiben xD	Weiﬂ  2	2	13				3				1			10	4	1	3	9	4	3	0	4	0	0	0	0	.
12	X, A	Weiﬂ  2	3	52	10	1	1	3	3	1	3	0	4	0	10	1	1	3	8	2	3	0	4	0	0	0	0	0
12	3 mal x 	Weiﬂ  1	3	51	2	4	1	3	9	4	3	0	4	0	2	4	1	3	9	4	3	0	4	0	1	1	1	0
12	a	Weiﬂ  1	3	46	10	1	1	3	3	1	3	0	4	0	10	1	1	3	3	1	3	0	4	0	0	0	0	.
12	2*x und 1*y	Weiﬂ  1	4	55	1	4	1	3	9	4	3	0	4	0	1	4	1	3	9	4	3	0	4	0	0	0	0	0
12	2*X, 1*Y	Weiﬂ  2	4	52	1	4	1	3	9	4	3	0	4	0	1	4	1	3	9	4	3	0	4	0	0	0	0	0
13	2*x und 1*y	Weiﬂ  2	1	52	2	4	1	3	9	4	3	0	4	0	2	4	1	3	9	4	3	0	4	0	1	1	1	0
13	2x, 1y	Weiﬂ  2	2	58	1	4	1	3	9	4	3	0	4	0	1	4	1	3	9	4	3	0	4	0	0	0	0	0
13	wir nehmen a	Weiﬂ  3	2	40	10	1	1	3	3	1	3	0	4	0	10	1	1	3	3	1	3	0	4	0	0	0	0	.
13	X, A	Weiﬂ  2	3	56	1	1	1	3	3	1	3	0	4	0	10	1	1	3	8	3	3	0	4	0	0	0	0	0
13	dreimal A	Weiﬂ  3	4	55	10	1	1	3	3	1	3	0	4	0	10	1	1	3	3	1	3	0	4	0	0	0	0	.
13	und dreimal X	Weiﬂ  3	4	48	2	4	1	3	9	4	3	0	4	0	2	4	1	3	9	4	3	0	4	0	1	1	1	0
13	= Ä	Weiﬂ  3	4	6	10	4	1	3	9	4	3	0	4	0	10	4	1	3	9	4	3	0	4	0	0	0	0	.
14	Situation X	Weiﬂ  2	1	57	2	4	1	3	9	4	3	0	4	0	2	4	1	3	9	4	3	0	4	0	1	1	1	0
14	bei allen	Weiﬂ  2	1	55	2	4	1	3	9	4	3	0	4	0	2	4	1	3	9	4	3	0	4	0	1	1	1	0
14	-> A	Weiﬂ  2	1	35	10	1	1	3	3	1	3	0	4	0	10	1	1	3	3	1	3	0	4	0	0	0	0	.
14	2x, 1y	Weiﬂ  2	2	55	1	4	1	3	9	4	3	0	4	0	1	4	1	3	9	4	3	0	4	0	0	0	0	0
14	w‰hlen a	Weiﬂ  2	2	52	10	1	1	3	3	1	3	0	4	0	10	1	1	3	3	1	3	0	4	0	0	0	0	.
14	x	Weiﬂ  3	4	4	2	4	1	3	9	4	3	0	4	0	2	4	1	3	9	4	3	0	4	0	1	1	1	0
15	2 mal x, 1 mal y	Weiﬂ  3	1	41	2	4	1	3	9	4	3	0	4	0	2	4	1	3	9	4	3	0	4	0	1	1	1	0
15	stimmt doch gar nicht	Weiﬂ  1	1	17	1	4	1	3	9	4	3	0	4	0	1	4	1	2	9	4	3	0	4	0	0	0	0	1
15	2 mal x und 1 mal y	Weiﬂ  3	2	48	2	4	1	3	9	4	3	0	4	0	2	4	1	3	9	4	3	0	4	0	1	1	1	0
15	haben X 	Weiﬂ  3	4	55	2	4	1	3	9	4	3	0	4	0	2	4	1	3	9	4	3	0	4	0	1	1	1	0
15	3 mal x	Weiﬂ  1	4	53	2	4	1	3	9	4	3	0	4	0	2	4	1	3	9	4	3	0	4	0	1	1	1	0
15	3 mal	Weiﬂ  3	4	53	2	4	1	3	9	4	3	0	4	0	2	4	1	3	9	4	3	0	4	0	1	1	1	0
15	und nehmen A	Weiﬂ  3	4	40	10	1	1	3	3	1	3	0	4	0	10	1	1	3	3	1	3	0	4	0	0	0	0	.
15	und w‰hlen a	Weiﬂ  1	4	35	10	1	1	3	3	1	3	0	4	0	10	1	1	3	3	1	3	0	4	0	0	0	0	.
16	Habe X	Weiﬂ  1	1	54	2	4	1	3	9	4	3	0	4	0	2	4	1	3	9	4	3	0	4	0	1	1	1	0
16	ebenfalls	Weiﬂ  3	1	43	2	4	1	3	9	4	3	0	4	0	2	4	1	3	9	4	3	0	4	0	1	1	1	0
16	auch	Weiﬂ  2	1	39	1	4	1	3	9	4	3	0	4	0	1	4	1	3	9	4	3	0	4	0	0	0	0	0
16	also nehmen wir A?	Weiﬂ  1	1	33	10	1	1	3	3	1	3	0	4	0	10	1	1	3	3	1	3	0	4	0	0	0	0	.
16	ja 	Weiﬂ  2	1	25				3				1			10	4	1	3	9	4	3	0	4	0	0	0	0	.
16	genau	Weiﬂ  3	1	24				3				1			10	4	1	3	9	4	3	0	4	0	0	0	0	.
16	stark ÄÄÄ	Weiﬂ  1	1	17				3				1			10	4	1	3	9	4	3	0	4	0	0	0	0	.
16	";D"	Weiﬂ  2	1	12				3				1			10	4	1	3	9	4	3	0	4	0	0	0	0	.
16	xD	Weiﬂ  3	1	9				3				1			10	4	1	3	9	4	3	0	4	0	0	0	0	.
16	3*x	Weiﬂ  3	2	59	1	4	1	3	9	4	3	0	4	0	1	4	1	3	9	4	3	0	4	0	0	0	0	0
16	X,A	Weiﬂ  2	2	53	10	1	1	3	3	1	3	0	4	0	10	1	1	3	8	3	3	0	4	0	0	0	0	0
16	3*X	Weiﬂ  1	3	52	1	4	1	3	9	4	3	0	4	0	1	4	1	3	9	4	3	0	4	0	0	0	0	0
16	safe dreimal X	Weiﬂ  2	3	47	1	4	1	3	9	4	3	0	4	0	1	4	1	3	9	4	3	0	4	0	0	0	0	0
16	3 X, 3 A, seit langem mal wieder :)	Weiﬂ  3	3	42	1	1	1	3	3	1	3	0	4	0	1	1	1	3	8	3	3	0	4	0	0	0	0	0
16	3 mal X	Weiﬂ  2	4	54	1	4	1	3	9	4	3	0	4	0	1	4	1	3	9	4	3	0	4	0	0	0	0	0
16	wir haben 3 mal die information X bekommen	Weiﬂ  3	4	53	1	4	1	3	9	4	3	0	4	0	1	4	1	3	9	4	3	0	4	0	0	0	0	0
16	Wir nehmen A	Weiﬂ  2	4	46	10	1	1	3	3	1	3	0	4	0	10	1	1	3	3	1	3	0	4	0	0	0	0	.
16	indianerehrenwort!	Weiﬂ  1	4	45	10	4	1	3	9	4	3	0	4	0	10	4	1	3	9	4	3	0	4	0	0	0	0	.
17	X	Weiﬂ  2	1	55	1	4	1	3	9	4	3	0	4	0	2	4	1	3	9	4	3	0	4	0	0	1	1	0
17	3x , easy 3a	Weiﬂ  3	1	53	2	1	1	3	3	4	3	0	4	0	2	1	1	3	3	1	3	0	4	0	1	1	1	0
17	safe	Weiﬂ  2	1	49	1	4	1	3	9	4	3	0	4	0	10	4	1	3	9	4	3	0	4	0	0	0	0	.
17	soweit bei 70% 3x von safe gesprochen werden kann 	Weiﬂ  3	1	24	1	4	1	3	9	4	3	0	4	0	8	4	1	3	9	4	3	0	4	0	0	0	0	.
17	3 times X - indianerehrenwort!	Weiﬂ  2	2	38	1	4	1	3	9	4	3	0	4	0	1	4	1	3	9	4	3	0	4	0	0	0	0	0
17	3 mal x	Weiﬂ  1	3	56	1	4	1	3	9	4	3	0	4	0	1	4	1	3	9	4	3	0	4	0	0	0	0	0
17	3*x	Weiﬂ  2	3	55	1	4	1	3	9	4	3	0	4	0	1	4	1	3	9	4	3	0	4	0	0	0	0	0
17	wir stimmen f¸r a	Weiﬂ  1	3	50	10	1	1	3	3	1	3	0	4	0	10	1	1	3	3	1	3	0	4	0	0	0	0	.
17	3mal X	Weiﬂ  2	4	59	2	4	1	3	9	4	3	0	4	0	2	4	1	3	9	4	3	0	4	0	1	1	1	0
17	wir nehmen a	Weiﬂ  3	4	50	10	1	1	3	3	1	3	0	4	0	10	1	1	3	3	1	3	0	4	0	0	0	0	.
17	jop, also alle f¸r A stimmen	Weiﬂ  1	4	50	10	1	1	3	3	1	3	0	4	0	10	1	1	3	3	1	3	0	4	0	0	0	0	.
18	3x = 3a	Weiﬂ  1	1	50	2	1	1	3	3	4	3	0	4	0	2	1	1	3	8	3	3	0	4	0	1	1	1	0
18	3*X	Weiﬂ  1	2	55	2	4	1	3	9	4	3	0	4	0	2	4	1	3	9	4	3	0	4	0	1	1	1	0
18	sodass logisch A folgt	Weiﬂ  3	2	43	10	1	1	3	3	1	3	0	4	0	10	1	1	3	8	2	3	0	4	0	0	0	0	.
18	3*x	Weiﬂ  2	3	53	2	4	1	3	9	4	3	0	4	0	2	4	1	3	9	4	3	0	4	0	1	1	1	0
18	halt a	Weiﬂ  3	3	40	10	1	1	3	3	1	3	0	4	0	10	1	1	3	3	1	3	0	4	0	0	0	0	.
18	haben 3 mal die info X bekommen	Weiﬂ  1	4	53	1	4	1	3	9	4	3	0	4	0	1	4	1	3	9	4	3	0	4	0	0	0	0	0
18	es sollten also alle A w‰hlen	Weiﬂ  1	4	47	10	1	1	3	3	1	3	0	4	0	10	1	1	3	3	1	3	0	4	0	0	0	0	.
19	Glatte 3 X	Weiﬂ  3	1	55	2	4	1	3	9	4	3	0	4	0	2	4	1	3	9	4	3	0	4	0	1	1	1	0
19	genau wir entscheidn uns f¸r a	Weiﬂ  2	1	45	10	1	1	3	3	1	3	0	4	0	10	1	1	3	3	1	3	0	4	0	0	0	0	.
19	Und gleich ists geschafft  :)	Weiﬂ  3	1	29				3				1			8	4	1	3	9	4	3	0	4	0	0	0	0	.
19	endlich	Weiﬂ  1	1	18				3				1			10	4	1	3	9	4	3	0	4	0	0	0	0	.
19	!	Weiﬂ  3	1	12				3				1			10	4	1	3	9	4	3	0	4	0	0	0	0	.
19	3*x	Weiﬂ  1	3	55	2	4	1	3	9	4	3	0	4	0	2	4	1	3	9	4	3	0	4	0	1	1	1	0
19	situation x	Weiﬂ  2	3	53	2	4	1	3	9	4	3	0	4	0	2	4	1	3	9	4	3	0	4	0	1	1	1	0
19	x	Weiﬂ  3	3	15	2	4	1	3	9	4	3	0	4	0	2	4	1	3	9	4	3	0	4	0	1	1	1	0
19	X	Weiﬂ  1	4	54	2	4	1	3	9	4	3	0	4	0	2	4	1	3	9	4	3	0	4	0	1	1	1	0
19	bei mir	Weiﬂ  1	4	52	2	4	1	3	9	4	3	0	4	0	2	4	1	3	9	4	3	0	4	0	1	1	1	.
19	3 mal x	Weiﬂ  3	4	47	2	4	1	3	9	4	3	0	4	0	2	4	1	3	9	4	3	0	4	0	1	1	1	0
19	X,A	Weiﬂ  2	4	33	2	1	1	3	3	1	3	0	4	0	10	1	1	3	8	2	3	0	4	0	1	0	1	0
19	Ja A!	Weiﬂ  1	4	25	10	1	1	3	3	1	3	0	4	0	10	1	1	3	3	1	3	0	4	0	0	0	0	.
20	so	Weiﬂ  1	1	58	10	4	1	3	9	4	3	0	4	0	10	4	1	3	9	4	3	0	4	0	0	0	0	.
20	haben xxx	Weiﬂ  1	1	54	2	4	1	3	9	4	3	0	4	0	2	4	1	3	9	4	3	0	4	0	1	1	1	0
20	und wollen aaa	Weiﬂ  1	1	49	10	1	1	3	3	1	3	0	4	0	10	1	1	3	3	1	3	0	4	0	0	0	0	.
20	nciht?	Weiﬂ  1	1	44	10	4	1	3	9	4	3	0	4	0	10	4	1	3	9	4	3	0	4	0	0	0	0	.
20	"doch ;D"	Weiﬂ  2	1	30	10	4	1	3	9	4	3	0	4	0	10	4	1	3	9	4	3	0	4	0	0	0	0	.
20	:D	Weiﬂ  3	1	25	10	4	1	3	9	4	3	0	4	0	10	4	1	3	9	4	3	0	4	0	0	0	0	.
20	"letzte runde ;DD"	Weiﬂ  2	1	20	10	4	1	3	9	4	3	0	4	0	8	4	1	3	9	4	3	0	4	0	0	0	0	.
20	endlich	Weiﬂ  1	1	6	10	4	1	3	9	4	3	0	4	0	10	4	1	3	9	4	3	0	4	0	0	0	0	.
20	3*x	Weiﬂ  3	2	58	2	4	1	3	9	4	3	0	4	0	2	4	1	3	9	4	3	0	4	0	1	1	1	0
20	A	Weiﬂ  2	2	49	10	1	1	3	3	1	3	0	4	0	10	1	1	3	3	1	3	0	4	0	0	0	0	.
20		Weiﬂ  2	3	36				3				1										1			0	0	0	.
20	Letzte Runde! 	Weiﬂ  1	4	56	10	4	1	3	9	4	3	0	4	0	8	4	1	3	9	4	3	0	4	0	0	0	0	.
20	3X, f¸r 20 Also A =)	Weiﬂ  1	4	43	2	1	1	3	3	1	3	0	4	0	2	1	1	3	8	2	3	0	4	0	1	1	1	0
20	puuh. endlich durch!	Weiﬂ  3	4	13	10	4	1	3	9	4	3	0	4	0	10	4	1	3	9	4	3	0	4	0	0	0	0	.
20	auf jdn	Weiﬂ  1	4	3	10	4	1	3	9	4	3	0	4	0	10	4	1	3	9	4	3	0	4	0	0	0	0	.
